#t  x  v 
0.01000  9.99950  -0.10000 
0.02000  9.99800  -0.19999 
0.03000  9.99550  -0.29995 
0.04000  9.99200  -0.39989 
0.05000  9.98750  -0.49979 
0.06000  9.98201  -0.59964 
0.07000  9.97551  -0.69942 
0.08000  9.96802  -0.79914 
0.09000  9.95953  -0.89878 
0.10000  9.95004  -0.99833 
0.11000  9.93956  -1.09777 
0.12000  9.92809  -1.19711 
0.13000  9.91562  -1.29633 
0.14000  9.90216  -1.39542 
0.15000  9.88771  -1.49437 
0.16000  9.87227  -1.59317 
0.17000  9.85585  -1.69181 
0.18000  9.83844  -1.79028 
0.19000  9.82004  -1.88857 
0.20000  9.80066  -1.98668 
0.21000  9.78031  -2.08458 
0.22000  9.75897  -2.18228 
0.23000  9.73666  -2.27976 
0.24000  9.71338  -2.37701 
0.25000  9.68912  -2.47402 
0.26000  9.66390  -2.57078 
0.27000  9.63771  -2.66729 
0.28000  9.61055  -2.76353 
0.29000  9.58244  -2.85950 
0.30000  9.55336  -2.95518 
0.31000  9.52333  -3.05056 
0.32000  9.49235  -3.14564 
0.33000  9.46042  -3.24040 
0.34000  9.42754  -3.33484 
0.35000  9.39372  -3.42895 
0.36000  9.35896  -3.52271 
0.37000  9.32327  -3.61612 
0.38000  9.28664  -3.70917 
0.39000  9.24908  -3.80185 
0.40000  9.21060  -3.89415 
0.41000  9.17120  -3.98606 
0.42000  9.13088  -4.07757 
0.43000  9.08965  -4.16867 
0.44000  9.04751  -4.25936 
0.45000  9.00446  -4.34962 
0.46000  8.96052  -4.43944 
0.47000  8.91567  -4.52882 
0.48000  8.86994  -4.61775 
0.49000  8.82332  -4.70622 
0.50000  8.77582  -4.79421 
0.51000  8.72743  -4.88173 
0.52000  8.67818  -4.96876 
0.53000  8.62806  -5.05529 
0.54000  8.57708  -5.14131 
0.55000  8.52523  -5.22683 
0.56000  8.47254  -5.31182 
0.57000  8.41900  -5.39627 
0.58000  8.36461  -5.48019 
0.59000  8.30939  -5.56356 
0.60000  8.25334  -5.64637 
0.61000  8.19647  -5.72862 
0.62000  8.13877  -5.81030 
0.63000  8.08026  -5.89140 
0.64000  8.02094  -5.97190 
0.65000  7.96082  -6.05181 
0.66000  7.89991  -6.13111 
0.67000  7.83820  -6.20980 
0.68000  7.77571  -6.28787 
0.69000  7.71244  -6.36531 
0.70000  7.64840  -6.44212 
0.71000  7.58360  -6.51828 
0.72000  7.51804  -6.59379 
0.73000  7.45172  -6.66864 
0.74000  7.38466  -6.74282 
0.75000  7.31687  -6.81633 
0.76000  7.24834  -6.88915 
0.77000  7.17908  -6.96129 
0.78000  7.10911  -7.03273 
0.79000  7.03843  -7.10347 
0.80000  6.96704  -7.17349 
0.81000  6.89496  -7.24280 
0.82000  6.82219  -7.31139 
0.83000  6.74873  -7.37924 
0.84000  6.67460  -7.44636 
0.85000  6.59980  -7.51273 
0.86000  6.52435  -7.57835 
0.87000  6.44824  -7.64322 
0.88000  6.37148  -7.70732 
0.89000  6.29409  -7.77064 
0.90000  6.21607  -7.83319 
0.91000  6.13743  -7.89496 
0.92000  6.05817  -7.95594 
0.93000  5.97831  -8.01612 
0.94000  5.89785  -8.07550 
0.95000  5.81680  -8.13408 
0.96000  5.73517  -8.19184 
0.97000  5.65296  -8.24878 
0.98000  5.57019  -8.30489 
0.99000  5.48686  -8.36018 
1.00000  5.40299  -8.41463 
1.01000  5.31857  -8.46823 
1.02000  5.23362  -8.52100 
1.03000  5.14815  -8.57290 
1.04000  5.06217  -8.62396 
1.05000  4.97567  -8.67415 
1.06000  4.88868  -8.72347 
1.07000  4.80120  -8.77192 
1.08000  4.71324  -8.81949 
1.09000  4.62481  -8.86618 
1.10000  4.53592  -8.91198 
1.11000  4.44657  -8.95690 
1.12000  4.35678  -9.00091 
1.13000  4.26656  -9.04403 
1.14000  4.17590  -9.08624 
1.15000  4.08483  -9.12754 
1.16000  3.99335  -9.16794 
1.17000  3.90147  -9.20741 
1.18000  3.80920  -9.24596 
1.19000  3.71655  -9.28359 
1.20000  3.62353  -9.32029 
1.21000  3.53015  -9.35606 
1.22000  3.43641  -9.39089 
1.23000  3.34233  -9.42479 
1.24000  3.24791  -9.45774 
1.25000  3.15317  -9.48974 
1.26000  3.05812  -9.52080 
1.27000  2.96276  -9.55090 
1.28000  2.86710  -9.58005 
1.29000  2.77116  -9.60825 
1.30000  2.67494  -9.63548 
1.31000  2.57845  -9.66174 
1.32000  2.48170  -9.68704 
1.33000  2.38471  -9.71138 
1.34000  2.28747  -9.73474 
1.35000  2.19001  -9.75712 
1.36000  2.09233  -9.77854 
1.37000  1.99444  -9.79897 
1.38000  1.89635  -9.81842 
1.39000  1.79807  -9.83690 
1.40000  1.69961  -9.85438 
1.41000  1.60099  -9.87089 
1.42000  1.50220  -9.88640 
1.43000  1.40326  -9.90093 
1.44000  1.30418  -9.91447 
1.45000  1.20497  -9.92701 
1.46000  1.10564  -9.93857 
1.47000  1.00620  -9.94913 
1.48000  0.90665  -9.95869 
1.49000  0.80702  -9.96726 
1.50000  0.70731  -9.97483 
1.51000  0.60753  -9.98140 
1.52000  0.50768  -9.98698 
1.53000  0.40779  -9.99156 
1.54000  0.30785  -9.99514 
1.55000  0.20788  -9.99771 
1.56000  0.10790  -9.99929 
1.57000  0.00790  -9.99987 
1.58000  -0.09210  -9.99945 
1.59000  -0.19209  -9.99803 
1.60000  -0.29206  -9.99561 
1.61000  -0.39200  -9.99219 
1.62000  -0.49191  -9.98777 
1.63000  -0.59176  -9.98235 
1.64000  -0.69155  -9.97593 
1.65000  -0.79128  -9.96852 
1.66000  -0.89092  -9.96011 
1.67000  -0.99048  -9.95070 
1.68000  -1.08994  -9.94030 
1.69000  -1.18929  -9.92890 
1.70000  -1.28852  -9.91652 
1.71000  -1.38762  -9.90313 
1.72000  -1.48658  -9.88876 
1.73000  -1.58539  -9.87340 
1.74000  -1.68405  -9.85706 
1.75000  -1.78253  -9.83972 
1.76000  -1.88084  -9.82141 
1.77000  -1.97896  -9.80211 
1.78000  -2.07688  -9.78183 
1.79000  -2.17460  -9.76057 
1.80000  -2.27209  -9.73834 
1.81000  -2.36936  -9.71513 
1.82000  -2.46640  -9.69095 
1.83000  -2.56318  -9.66580 
1.84000  -2.65971  -9.63969 
1.85000  -2.75598  -9.61261 
1.86000  -2.85196  -9.58457 
1.87000  -2.94767  -9.55557 
1.88000  -3.04308  -9.52562 
1.89000  -3.13818  -9.49471 
1.90000  -3.23297  -9.46286 
1.91000  -3.32744  -9.43005 
1.92000  -3.42157  -9.39631 
1.93000  -3.51536  -9.36163 
1.94000  -3.60880  -9.32600 
1.95000  -3.70188  -9.28945 
1.96000  -3.79459  -9.25197 
1.97000  -3.88692  -9.21356 
1.98000  -3.97886  -9.17423 
1.99000  -4.07041  -9.13399 
2.00000  -4.16154  -9.09283 
2.01000  -4.25226  -9.05076 
2.02000  -4.34256  -9.00778 
2.03000  -4.43242  -8.96391 
2.04000  -4.52184  -8.91914 
2.05000  -4.61080  -8.87347 
2.06000  -4.69931  -8.82692 
2.07000  -4.78734  -8.77949 
2.08000  -4.87490  -8.73118 
2.09000  -4.96196  -8.68199 
2.10000  -5.04854  -8.63194 
2.11000  -5.13460  -8.58103 
2.12000  -5.22016  -8.52925 
2.13000  -5.30519  -8.47663 
2.14000  -5.38969  -8.42315 
2.15000  -5.47365  -8.36883 
2.16000  -5.55707  -8.31368 
2.17000  -5.63993  -8.25770 
2.18000  -5.72222  -8.20088 
2.19000  -5.80394  -8.14325 
2.20000  -5.88509  -8.08481 
2.21000  -5.96564  -8.02556 
2.22000  -6.04560  -7.96550 
2.23000  -6.12495  -7.90465 
2.24000  -6.20369  -7.84300 
2.25000  -6.28181  -7.78058 
2.26000  -6.35930  -7.71737 
2.27000  -6.43616  -7.65339 
2.28000  -6.51237  -7.58865 
2.29000  -6.58793  -7.52315 
2.30000  -6.66283  -7.45690 
2.31000  -6.73707  -7.38990 
2.32000  -6.81063  -7.32216 
2.33000  -6.88351  -7.25369 
2.34000  -6.95570  -7.18449 
2.35000  -7.02720  -7.11458 
2.36000  -7.09799  -7.04395 
2.37000  -7.16808  -6.97262 
2.38000  -7.23745  -6.90059 
2.39000  -7.30609  -6.82787 
2.40000  -7.37400  -6.75447 
2.41000  -7.44118  -6.68040 
2.42000  -7.50761  -6.60565 
2.43000  -7.57329  -6.53025 
2.44000  -7.63822  -6.45419 
2.45000  -7.70238  -6.37749 
2.46000  -7.76577  -6.30015 
2.47000  -7.82838  -6.22218 
2.48000  -7.89021  -6.14358 
2.49000  -7.95125  -6.06438 
2.50000  -8.01150  -5.98456 
2.51000  -8.07094  -5.90415 
2.52000  -8.12958  -5.82315 
2.53000  -8.18741  -5.74156 
2.54000  -8.24441  -5.65940 
2.55000  -8.30059  -5.57668 
2.56000  -8.35595  -5.49340 
2.57000  -8.41046  -5.40956 
2.58000  -8.46414  -5.32519 
2.59000  -8.51697  -5.24029 
2.60000  -8.56894  -5.15486 
2.61000  -8.62006  -5.06891 
2.62000  -8.67032  -4.98246 
2.63000  -8.71971  -4.89551 
2.64000  -8.76823  -4.80807 
2.65000  -8.81587  -4.72015 
2.66000  -8.86263  -4.63176 
2.67000  -8.90851  -4.54290 
2.68000  -8.95349  -4.45359 
2.69000  -8.99758  -4.36384 
2.70000  -9.04077  -4.27364 
2.71000  -9.08305  -4.18302 
2.72000  -9.12443  -4.09199 
2.73000  -9.16489  -4.00054 
2.74000  -9.20444  -3.90869 
2.75000  -9.24307  -3.81646 
2.76000  -9.28077  -3.72384 
2.77000  -9.31754  -3.63085 
2.78000  -9.35339  -3.53749 
2.79000  -9.38829  -3.44378 
2.80000  -9.42226  -3.34973 
2.81000  -9.45529  -3.25534 
2.82000  -9.48737  -3.16063 
2.83000  -9.51850  -3.06560 
2.84000  -9.54868  -2.97026 
2.85000  -9.57791  -2.87463 
2.86000  -9.60617  -2.77871 
2.87000  -9.63348  -2.68251 
2.88000  -9.65982  -2.58605 
2.89000  -9.68520  -2.48932 
2.90000  -9.70961  -2.39235 
2.91000  -9.73305  -2.29513 
2.92000  -9.75551  -2.19769 
2.93000  -9.77700  -2.10003 
2.94000  -9.79751  -2.00215 
2.95000  -9.81705  -1.90408 
2.96000  -9.83560  -1.80582 
2.97000  -9.85316  -1.70738 
2.98000  -9.86974  -1.60876 
2.99000  -9.88534  -1.50999 
3.00000  -9.89994  -1.41106 
3.01000  -9.91356  -1.31199 
3.02000  -9.92618  -1.21279 
3.03000  -9.93781  -1.11347 
3.04000  -9.94845  -1.01404 
3.05000  -9.95809  -0.91451 
3.06000  -9.96674  -0.81488 
3.07000  -9.97439  -0.71518 
3.08000  -9.98105  -0.61540 
3.09000  -9.98670  -0.51556 
3.10000  -9.99136  -0.41567 
3.11000  -9.99501  -0.31574 
3.12000  -9.99767  -0.21578 
3.13000  -9.99933  -0.11579 
3.14000  -9.99999  -0.01580 
3.15000  -9.99965  0.08420 
3.16000  -9.99830  0.18419 
3.17000  -9.99596  0.28416 
3.18000  -9.99262  0.38411 
3.19000  -9.98828  0.48401 
3.20000  -9.98294  0.58387 
3.21000  -9.97660  0.68366 
3.22000  -9.96927  0.78339 
3.23000  -9.96093  0.88305 
3.24000  -9.95161  0.98261 
3.25000  -9.94128  1.08207 
3.26000  -9.92996  1.18143 
3.27000  -9.91765  1.28067 
3.28000  -9.90435  1.37978 
3.29000  -9.89006  1.47875 
3.30000  -9.87478  1.57757 
3.31000  -9.85851  1.67624 
3.32000  -9.84125  1.77474 
3.33000  -9.82301  1.87306 
3.34000  -9.80379  1.97119 
3.35000  -9.78359  2.06913 
3.36000  -9.76241  2.16686 
3.37000  -9.74025  2.26437 
3.38000  -9.71712  2.36166 
3.39000  -9.69302  2.45871 
3.40000  -9.66795  2.55552 
3.41000  -9.64191  2.65207 
3.42000  -9.61490  2.74835 
3.43000  -9.58694  2.84436 
3.44000  -9.55802  2.94008 
3.45000  -9.52814  3.03551 
3.46000  -9.49731  3.13064 
3.47000  -9.46553  3.22546 
3.48000  -9.43280  3.31995 
3.49000  -9.39913  3.41411 
3.50000  -9.36452  3.50792 
3.51000  -9.32897  3.60139 
3.52000  -9.29249  3.69450 
3.53000  -9.25508  3.78724 
3.54000  -9.21674  3.87960 
3.55000  -9.17749  3.97157 
3.56000  -9.13731  4.06314 
3.57000  -9.09622  4.15431 
3.58000  -9.05423  4.24506 
3.59000  -9.01132  4.33539 
3.60000  -8.96752  4.42528 
3.61000  -8.92282  4.51474 
3.62000  -8.87722  4.60374 
3.63000  -8.83074  4.69228 
3.64000  -8.78338  4.78035 
3.65000  -8.73513  4.86794 
3.66000  -8.68602  4.95504 
3.67000  -8.63603  5.04165 
3.68000  -8.58519  5.12776 
3.69000  -8.53348  5.21335 
3.70000  -8.48092  5.29843 
3.71000  -8.42751  5.38297 
3.72000  -8.37326  5.46697 
3.73000  -8.31817  5.55043 
3.74000  -8.26225  5.63333 
3.75000  -8.20550  5.71567 
3.76000  -8.14794  5.79744 
3.77000  -8.08956  5.87862 
3.78000  -8.03036  5.95922 
3.79000  -7.97037  6.03923 
3.80000  -7.90958  6.11863 
3.81000  -7.84800  6.19742 
3.82000  -7.78563  6.27558 
3.83000  -7.72249  6.35312 
3.84000  -7.65857  6.43003 
3.85000  -7.59389  6.50629 
3.86000  -7.52844  6.58190 
3.87000  -7.46225  6.65686 
3.88000  -7.39531  6.73114 
3.89000  -7.32763  6.80476 
3.90000  -7.25921  6.87769 
3.91000  -7.19007  6.94994 
3.92000  -7.12021  7.02149 
3.93000  -7.04964  7.09234 
3.94000  -6.97837  7.16248 
3.95000  -6.90639  7.23190 
3.96000  -6.83373  7.30061 
3.97000  -6.76038  7.36858 
3.98000  -6.68636  7.43581 
3.99000  -6.61166  7.50230 
4.00000  -6.53631  7.56804 
4.01000  -6.46030  7.63302 
4.02000  -6.38365  7.69724 
4.03000  -6.30636  7.76069 
4.04000  -6.22844  7.82337 
4.05000  -6.14989  7.88526 
4.06000  -6.07073  7.94636 
4.07000  -5.99096  8.00667 
4.08000  -5.91060  8.06618 
4.09000  -5.82964  8.12488 
4.10000  -5.74810  8.18277 
4.11000  -5.66598  8.23984 
4.12000  -5.58330  8.29608 
4.13000  -5.50006  8.35150 
4.14000  -5.41627  8.40608 
4.15000  -5.33194  8.45982 
4.16000  -5.24708  8.51272 
4.17000  -5.16169  8.56476 
4.18000  -5.07578  8.61595 
4.19000  -4.98937  8.66628 
4.20000  -4.90246  8.71573 
4.21000  -4.81505  8.76432 
4.22000  -4.72717  8.81203 
4.23000  -4.63881  8.85886 
4.24000  -4.54999  8.90481 
4.25000  -4.46072  8.94986 
4.26000  -4.37099  8.99402 
4.27000  -4.28084  9.03728 
4.28000  -4.19025  9.07963 
4.29000  -4.09924  9.12108 
4.30000  -4.00783  9.16162 
4.31000  -3.91601  9.20124 
4.32000  -3.82380  9.23993 
4.33000  -3.73121  9.27771 
4.34000  -3.63825  9.31456 
4.35000  -3.54492  9.35047 
4.36000  -3.45124  9.38545 
4.37000  -3.35721  9.41950 
4.38000  -3.26285  9.45260 
4.39000  -3.16816  9.48475 
4.40000  -3.07315  9.51596 
4.41000  -2.97784  9.54621 
4.42000  -2.88223  9.57551 
4.43000  -2.78633  9.60386 
4.44000  -2.69015  9.63124 
4.45000  -2.59371  9.65766 
4.46000  -2.49700  9.68311 
4.47000  -2.40004  9.70760 
4.48000  -2.30285  9.73111 
4.49000  -2.20542  9.75365 
4.50000  -2.10777  9.77522 
4.51000  -2.00992  9.79581 
4.52000  -1.91186  9.81542 
4.53000  -1.81361  9.83404 
4.54000  -1.71518  9.85169 
4.55000  -1.61658  9.86835 
4.56000  -1.51781  9.88402 
4.57000  -1.41889  9.89870 
4.58000  -1.31984  9.91239 
4.59000  -1.22065  9.92510 
4.60000  -1.12133  9.93681 
4.61000  -1.02191  9.94752 
4.62000  -0.92238  9.95725 
4.63000  -0.82277  9.96597 
4.64000  -0.72306  9.97370 
4.65000  -0.62329  9.98043 
4.66000  -0.52346  9.98617 
4.67000  -0.42357  9.99090 
4.68000  -0.32364  9.99464 
4.69000  -0.22368  9.99737 
4.70000  -0.12369  9.99911 
4.71000  -0.02369  9.99985 
4.72000  0.07631  9.99958 
4.73000  0.17630  9.99832 
4.74000  0.27627  9.99606 
4.75000  0.37622  9.99280 
4.76000  0.47613  9.98853 
4.77000  0.57599  9.98327 
4.78000  0.67579  9.97701 
4.79000  0.77553  9.96976 
4.80000  0.87519  9.96150 
4.81000  0.97476  9.95225 
4.82000  1.07423  9.94201 
4.83000  1.17360  9.93077 
4.84000  1.27285  9.91854 
4.85000  1.37197  9.90531 
4.86000  1.47096  9.89110 
4.87000  1.56979  9.87590 
4.88000  1.66847  9.85970 
4.89000  1.76699  9.84253 
4.90000  1.86532  9.82437 
4.91000  1.96347  9.80522 
4.92000  2.06143  9.78510 
4.93000  2.15918  9.76399 
4.94000  2.25671  9.74191 
4.95000  2.35401  9.71886 
4.96000  2.45109  9.69484 
4.97000  2.54791  9.66984 
4.98000  2.64448  9.64388 
4.99000  2.74079  9.61695 
5.00000  2.83682  9.58906 
5.01000  2.93257  9.56022 
5.02000  3.02803  9.53041 
5.03000  3.12318  9.49966 
5.04000  3.21802  9.46795 
5.05000  3.31254  9.43530 
5.06000  3.40673  9.40170 
5.07000  3.50057  9.36717 
5.08000  3.59407  9.33169 
5.09000  3.68721  9.29529 
5.10000  3.77997  9.25795 
5.11000  3.87236  9.21969 
5.12000  3.96437  9.18051 
5.13000  4.05597  9.14040 
5.14000  4.14718  9.09939 
5.15000  4.23796  9.05746 
5.16000  4.32833  9.01463 
5.17000  4.41826  8.97090 
5.18000  4.50774  8.92627 
5.19000  4.59678  8.88075 
5.20000  4.68536  8.83433 
5.21000  4.77347  8.78704 
5.22000  4.86110  8.73887 
5.23000  4.94824  8.68982 
5.24000  5.03490  8.63991 
5.25000  5.12104  8.58913 
5.26000  5.20668  8.53749 
5.27000  5.29179  8.48499 
5.28000  5.37638  8.43165 
5.29000  5.46043  8.37747 
5.30000  5.54393  8.32245 
5.31000  5.62687  8.26659 
5.32000  5.70926  8.20991 
5.33000  5.79107  8.15241 
5.34000  5.87231  8.09409 
5.35000  5.95295  8.03497 
5.36000  6.03301  7.97504 
5.37000  6.11246  7.91431 
5.38000  6.19129  7.85279 
5.39000  6.26951  7.79049 
5.40000  6.34710  7.72741 
5.41000  6.42406  7.66355 
5.42000  6.50037  7.59893 
5.43000  6.57604  7.53355 
5.44000  6.65104  7.46741 
5.45000  6.72539  7.40053 
5.46000  6.79906  7.33291 
5.47000  6.87204  7.26455 
5.48000  6.94435  7.19547 
5.49000  7.01595  7.12567 
5.50000  7.08686  7.05515 
5.51000  7.15706  6.98393 
5.52000  7.22654  6.91202 
5.53000  7.29530  6.83941 
5.54000  7.36333  6.76611 
5.55000  7.43062  6.69214 
5.56000  7.49717  6.61750 
5.57000  7.56297  6.54220 
5.58000  7.62801  6.46625 
5.59000  7.69229  6.38965 
5.60000  7.75581  6.31241 
5.61000  7.81854  6.23453 
5.62000  7.88050  6.15604 
5.63000  7.94166  6.07693 
5.64000  8.00204  5.99721 
5.65000  8.06161  5.91689 
5.66000  8.12037  5.83598 
5.67000  8.17833  5.75449 
5.68000  8.23546  5.67242 
5.69000  8.29178  5.58978 
5.70000  8.34726  5.50659 
5.71000  8.40191  5.42284 
5.72000  8.45572  5.33855 
5.73000  8.50868  5.25373 
5.74000  8.56079  5.16839 
5.75000  8.61205  5.08252 
5.76000  8.66244  4.99615 
5.77000  8.71197  4.90928 
5.78000  8.76063  4.82191 
5.79000  8.80841  4.73407 
5.80000  8.85531  4.64575 
5.81000  8.90132  4.55697 
5.82000  8.94645  4.46773 
5.83000  8.99068  4.37804 
5.84000  9.03401  4.28792 
5.85000  9.07644  4.19737 
5.86000  9.11795  4.10639 
5.87000  9.15856  4.01501 
5.88000  9.19826  3.92323 
5.89000  9.23703  3.83105 
5.90000  9.27488  3.73849 
5.91000  9.31180  3.64556 
5.92000  9.34779  3.55226 
5.93000  9.38284  3.45861 
5.94000  9.41696  3.36461 
5.95000  9.45013  3.27027 
5.96000  9.48236  3.17561 
5.97000  9.51365  3.08063 
5.98000  9.54398  2.98534 
5.99000  9.57335  2.88976 
6.00000  9.60177  2.79388 
6.01000  9.62923  2.69772 
6.02000  9.65573  2.60130 
6.03000  9.68126  2.50462 
6.04000  9.70582  2.40768 
6.05000  9.72941  2.31050 
6.06000  9.75203  2.21310 
6.07000  9.77367  2.11547 
6.08000  9.79434  2.01763 
6.09000  9.81403  1.91959 
6.10000  9.83273  1.82135 
6.11000  9.85045  1.72294 
6.12000  9.86719  1.62435 
6.13000  9.88294  1.52560 
6.14000  9.89770  1.42669 
6.15000  9.91147  1.32765 
6.16000  9.92425  1.22847 
6.17000  9.93604  1.12917 
6.18000  9.94684  1.02975 
6.19000  9.95664  0.93024 
6.20000  9.96544  0.83063 
6.21000  9.97325  0.73093 
6.22000  9.98006  0.63117 
6.23000  9.98587  0.53134 
6.24000  9.99069  0.43145 
6.25000  9.99450  0.33153 
6.26000  9.99732  0.23157 
6.27000  9.99913  0.13159 
6.28000  9.99995  0.03159 
6.29000  9.99977  -0.06841 
6.30000  9.99858  -0.16840 
6.31000  9.99640  -0.26837 
6.32000  9.99321  -0.36832 
6.33000  9.98903  -0.46823 
6.34000  9.98385  -0.56810 
6.35000  9.97767  -0.66791 
6.36000  9.97049  -0.76765 
6.37000  9.96232  -0.86731 
6.38000  9.95315  -0.96689 
6.39000  9.94298  -1.06637 
6.40000  9.93182  -1.16574 
6.41000  9.91966  -1.26500 
6.42000  9.90652  -1.36413 
6.43000  9.89238  -1.46313 
6.44000  9.87726  -1.56197 
6.45000  9.86114  -1.66067 
6.46000  9.84404  -1.75919 
6.47000  9.82596  -1.85754 
6.48000  9.80689  -1.95571 
6.49000  9.78684  -2.05367 
6.50000  9.76582  -2.15144 
6.51000  9.74382  -2.24899 
6.52000  9.72084  -2.34631 
6.53000  9.69689  -2.44340 
6.54000  9.67197  -2.54024 
6.55000  9.64608  -2.63683 
6.56000  9.61923  -2.73316 
6.57000  9.59142  -2.82921 
6.58000  9.56265  -2.92498 
6.59000  9.53292  -3.02046 
6.60000  9.50224  -3.11564 
6.61000  9.47061  -3.21050 
6.62000  9.43803  -3.30504 
6.63000  9.40451  -3.39926 
6.64000  9.37005  -3.49313 
6.65000  9.33465  -3.58665 
6.66000  9.29831  -3.67982 
6.67000  9.26105  -3.77261 
6.68000  9.22286  -3.86503 
6.69000  9.18375  -3.95707 
6.70000  9.14372  -4.04870 
6.71000  9.10277  -4.13994 
6.72000  9.06092  -4.23075 
6.73000  9.01816  -4.32115 
6.74000  8.97450  -4.41111 
6.75000  8.92994  -4.50064 
6.76000  8.88448  -4.58971 
6.77000  8.83814  -4.67832 
6.78000  8.79092  -4.76647 
6.79000  8.74281  -4.85413 
6.80000  8.69383  -4.94132 
6.81000  8.64399  -5.02801 
6.82000  8.59327  -5.11419 
6.83000  8.54170  -5.19987 
6.84000  8.48928  -5.28502 
6.85000  8.43600  -5.36965 
6.86000  8.38188  -5.45374 
6.87000  8.32693  -5.53728 
6.88000  8.27114  -5.62027 
6.89000  8.21452  -5.70270 
6.90000  8.15708  -5.78456 
6.91000  8.09883  -5.86584 
6.92000  8.03977  -5.94653 
6.93000  7.97990  -6.02663 
6.94000  7.91924  -6.10613 
6.95000  7.85778  -6.18501 
6.96000  7.79554  -6.26328 
6.97000  7.73251  -6.34092 
6.98000  7.66872  -6.41792 
6.99000  7.60415  -6.49429 
7.00000  7.53883  -6.57000 
7.01000  7.47275  -6.64506 
7.02000  7.40593  -6.71946 
7.03000  7.33836  -6.79318 
7.04000  7.27007  -6.86622 
7.05000  7.20104  -6.93857 
7.06000  7.13129  -7.01024 
7.07000  7.06084  -7.08120 
7.08000  6.98967  -7.15145 
7.09000  6.91781  -7.22099 
7.10000  6.84525  -7.28980 
7.11000  6.77201  -7.35789 
7.12000  6.69809  -7.42524 
7.13000  6.62351  -7.49185 
7.14000  6.54826  -7.55771 
7.15000  6.47235  -7.62281 
7.16000  6.39580  -7.68715 
7.17000  6.31861  -7.75072 
7.18000  6.24079  -7.81352 
7.19000  6.16234  -7.87553 
7.20000  6.08328  -7.93676 
7.21000  6.00360  -7.99720 
7.22000  5.92333  -8.05683 
7.23000  5.84247  -8.11566 
7.24000  5.76102  -8.17368 
7.25000  5.67899  -8.23088 
7.26000  5.59640  -8.28725 
7.27000  5.51325  -8.34280 
7.28000  5.42954  -8.39752 
7.29000  5.34530  -8.45139 
7.30000  5.26052  -8.50442 
7.31000  5.17521  -8.55660 
7.32000  5.08938  -8.60792 
7.33000  5.00305  -8.65838 
7.34000  4.91622  -8.70798 
7.35000  4.82889  -8.75671 
7.36000  4.74108  -8.80456 
7.37000  4.65280  -8.85152 
7.38000  4.56405  -8.89761 
7.39000  4.47485  -8.94280 
7.40000  4.38520  -8.98710 
7.41000  4.29511  -9.03051 
7.42000  4.20459  -9.07300 
7.43000  4.11365  -9.11459 
7.44000  4.02229  -9.15527 
7.45000  3.93054  -9.19504 
7.46000  3.83839  -9.23388 
7.47000  3.74586  -9.27180 
7.48000  3.65296  -9.30880 
7.49000  3.55969  -9.34486 
7.50000  3.46606  -9.37999 
7.51000  3.37209  -9.41418 
7.52000  3.27778  -9.44743 
7.53000  3.18314  -9.47974 
7.54000  3.08818  -9.51109 
7.55000  2.99292  -9.54150 
7.56000  2.89735  -9.57095 
7.57000  2.80150  -9.59944 
7.58000  2.70536  -9.62698 
7.59000  2.60896  -9.65355 
7.60000  2.51229  -9.67916 
7.61000  2.41537  -9.70379 
7.62000  2.31822  -9.72746 
7.63000  2.22083  -9.75016 
7.64000  2.12321  -9.77188 
7.65000  2.02539  -9.79262 
7.66000  1.92736  -9.81238 
7.67000  1.82914  -9.83117 
7.68000  1.73074  -9.84897 
7.69000  1.63216  -9.86578 
7.70000  1.53342  -9.88161 
7.71000  1.43453  -9.89645 
7.72000  1.33549  -9.91030 
7.73000  1.23632  -9.92316 
7.74000  1.13703  -9.93502 
7.75000  1.03762  -9.94590 
7.76000  0.93811  -9.95578 
7.77000  0.83851  -9.96466 
7.78000  0.73882  -9.97255 
7.79000  0.63906  -9.97943 
7.80000  0.53923  -9.98533 
7.81000  0.43935  -9.99022 
7.82000  0.33943  -9.99411 
7.83000  0.23947  -9.99701 
7.84000  0.13949  -9.99890 
7.85000  0.03949  -9.99980 
7.86000  -0.06051  -9.99969 
7.87000  -0.16050  -9.99859 
7.88000  -0.26048  -9.99648 
7.89000  -0.36043  -9.99338 
7.90000  -0.46035  -9.98927 
7.91000  -0.56022  -9.98417 
7.92000  -0.66003  -9.97807 
7.93000  -0.75978  -9.97097 
7.94000  -0.85945  -9.96287 
7.95000  -0.95904  -9.95378 
7.96000  -1.05853  -9.94369 
7.97000  -1.15791  -9.93261 
7.98000  -1.25718  -9.92054 
7.99000  -1.35632  -9.90747 
8.00000  -1.45533  -9.89341 
8.01000  -1.55419  -9.87836 
8.02000  -1.65290  -9.86233 
8.03000  -1.75144  -9.84531 
8.04000  -1.84980  -9.82730 
8.05000  -1.94798  -9.80831 
8.06000  -2.04597  -9.78834 
8.07000  -2.14375  -9.76739 
8.08000  -2.24132  -9.74547 
8.09000  -2.33866  -9.72257 
8.10000  -2.43577  -9.69869 
8.11000  -2.53263  -9.67385 
8.12000  -2.62925  -9.64804 
8.13000  -2.72559  -9.62127 
8.14000  -2.82167  -9.59353 
8.15000  -2.91747  -9.56484 
8.16000  -3.01297  -9.53518 
8.17000  -3.10817  -9.50458 
8.18000  -3.20306  -9.47302 
8.19000  -3.29763  -9.44052 
8.20000  -3.39187  -9.40707 
8.21000  -3.48577  -9.37268 
8.22000  -3.57932  -9.33736 
8.23000  -3.67252  -9.30110 
8.24000  -3.76535  -9.26391 
8.25000  -3.85780  -9.22579 
8.26000  -3.94986  -9.18676 
8.27000  -4.04153  -9.14680 
8.28000  -4.13280  -9.10593 
8.29000  -4.22365  -9.06415 
8.30000  -4.31408  -9.02146 
8.31000  -4.40408  -8.97787 
8.32000  -4.49364  -8.93338 
8.33000  -4.58275  -8.88800 
8.34000  -4.67140  -8.84172 
8.35000  -4.75958  -8.79457 
8.36000  -4.84729  -8.74654 
8.37000  -4.93451  -8.69763 
8.38000  -5.02124  -8.64785 
8.39000  -5.10747  -8.59720 
8.40000  -5.19319  -8.54570 
8.41000  -5.27838  -8.49334 
8.42000  -5.36305  -8.44014 
8.43000  -5.44719  -8.38608 
8.44000  -5.53077  -8.33119 
8.45000  -5.61381  -8.27547 
8.46000  -5.69628  -8.21892 
8.47000  -5.77819  -8.16155 
8.48000  -5.85951  -8.10336 
8.49000  -5.94026  -8.04436 
8.50000  -6.02040  -7.98456 
8.51000  -6.09995  -7.92396 
8.52000  -6.17888  -7.86256 
8.53000  -6.25720  -7.80038 
8.54000  -6.33489  -7.73742 
8.55000  -6.41195  -7.67369 
8.56000  -6.48836  -7.60919 
8.57000  -6.56413  -7.54392 
8.58000  -6.63924  -7.47791 
8.59000  -6.71369  -7.41114 
8.60000  -6.78746  -7.34364 
8.61000  -6.86056  -7.27540 
8.62000  -6.93297  -7.20643 
8.63000  -7.00469  -7.13674 
8.64000  -7.07571  -7.06634 
8.65000  -7.14602  -6.99523 
8.66000  -7.21561  -6.92342 
8.67000  -7.28448  -6.85092 
8.68000  -7.35263  -6.77774 
8.69000  -7.42004  -6.70387 
8.70000  -7.48671  -6.62934 
8.71000  -7.55263  -6.55414 
8.72000  -7.61779  -6.47829 
8.73000  -7.68219  -6.40179 
8.74000  -7.74583  -6.32465 
8.75000  -7.80868  -6.24688 
8.76000  -7.87076  -6.16848 
8.77000  -7.93205  -6.08947 
8.78000  -7.99255  -6.00984 
8.79000  -8.05225  -5.92962 
8.80000  -8.11114  -5.84880 
8.81000  -8.16923  -5.76740 
8.82000  -8.22649  -5.68542 
8.83000  -8.28294  -5.60287 
8.84000  -8.33855  -5.51977 
8.85000  -8.39333  -5.43611 
8.86000  -8.44727  -5.35190 
8.87000  -8.50037  -5.26717 
8.88000  -8.55262  -5.18190 
8.89000  -8.60401  -5.09612 
8.90000  -8.65454  -5.00983 
8.91000  -8.70420  -4.92303 
8.92000  -8.75300  -4.83575 
8.93000  -8.80092  -4.74798 
8.94000  -8.84796  -4.65973 
8.95000  -8.89411  -4.57102 
8.96000  -8.93938  -4.48185 
8.97000  -8.98375  -4.39224 
8.98000  -9.02722  -4.30218 
8.99000  -9.06979  -4.21170 
9.00000  -9.11146  -4.12079 
9.01000  -9.15221  -4.02947 
9.02000  -9.19205  -3.93775 
9.03000  -9.23096  -3.84564 
9.04000  -9.26896  -3.75314 
9.05000  -9.30603  -3.66026 
9.06000  -9.34216  -3.56702 
9.07000  -9.37737  -3.47342 
9.08000  -9.41163  -3.37948 
9.09000  -9.44496  -3.28520 
9.10000  -9.47734  -3.19058 
9.11000  -9.50877  -3.09565 
9.12000  -9.53925  -3.00041 
9.13000  -9.56878  -2.90487 
9.14000  -9.59735  -2.80904 
9.15000  -9.62496  -2.71293 
9.16000  -9.65161  -2.61655 
9.17000  -9.67729  -2.51990 
9.18000  -9.70200  -2.42301 
9.19000  -9.72575  -2.32587 
9.20000  -9.74852  -2.22850 
9.21000  -9.77032  -2.13090 
9.22000  -9.79114  -2.03310 
9.23000  -9.81098  -1.93509 
9.24000  -9.82984  -1.83688 
9.25000  -9.84772  -1.73849 
9.26000  -9.86461  -1.63993 
9.27000  -9.88052  -1.54121 
9.28000  -9.89544  -1.44233 
9.29000  -9.90936  -1.34330 
9.30000  -9.92230  -1.24414 
9.31000  -9.93425  -1.14486 
9.32000  -9.94520  -1.04546 
9.33000  -9.95516  -0.94596 
9.34000  -9.96412  -0.84637 
9.35000  -9.97208  -0.74669 
9.36000  -9.97905  -0.64693 
9.37000  -9.98502  -0.54711 
9.38000  -9.98999  -0.44723 
9.39000  -9.99397  -0.34731 
9.40000  -9.99694  -0.24736 
9.41000  -9.99891  -0.14738 
9.42000  -9.99989  -0.04739 
9.43000  -9.99986  0.05261 
9.44000  -9.99884  0.15261 
9.45000  -9.99681  0.25258 
9.46000  -9.99378  0.35254 
9.47000  -9.98976  0.45245 
9.48000  -9.98473  0.55233 
9.49000  -9.97871  0.65214 
9.50000  -9.97169  0.75190 
9.51000  -9.96367  0.85157 
9.52000  -9.95466  0.95117 
9.53000  -9.94465  1.05066 
9.54000  -9.93365  1.15005 
9.55000  -9.92165  1.24933 
9.56000  -9.90866  1.34848 
9.57000  -9.89468  1.44750 
9.58000  -9.87971  1.54637 
9.59000  -9.86375  1.64509 
9.60000  -9.84681  1.74364 
9.61000  -9.82888  1.84202 
9.62000  -9.80997  1.94021 
9.63000  -9.79008  2.03821 
9.64000  -9.76920  2.13601 
9.65000  -9.74736  2.23359 
9.66000  -9.72453  2.33095 
9.67000  -9.70074  2.42808 
9.68000  -9.67597  2.52496 
9.69000  -9.65024  2.62159 
9.70000  -9.62354  2.71796 
9.71000  -9.59588  2.81406 
9.72000  -9.56726  2.90987 
9.73000  -9.53768  3.00540 
9.74000  -9.50715  3.10062 
9.75000  -9.47567  3.19554 
9.76000  -9.44324  3.29013 
9.77000  -9.40987  3.38440 
9.78000  -9.37555  3.47832 
9.79000  -9.34030  3.57190 
9.80000  -9.30411  3.66513 
9.81000  -9.26700  3.75798 
9.82000  -9.22895  3.85046 
9.83000  -9.18999  3.94256 
9.84000  -9.15010  4.03426 
9.85000  -9.10930  4.12555 
9.86000  -9.06759  4.21644 
9.87000  -9.02497  4.30690 
9.88000  -8.98145  4.39693 
9.89000  -8.93703  4.48652 
9.90000  -8.89172  4.57567 
9.91000  -8.84552  4.66435 
9.92000  -8.79844  4.75257 
9.93000  -8.75047  4.84032 
9.94000  -8.70163  4.92758 
9.95000  -8.65192  5.01435 
9.96000  -8.60134  5.10061 
9.97000  -8.54991  5.18637 
9.98000  -8.49761  5.27161 
9.99000  -8.44447  5.35632 
10.00000  -8.39049  5.44049 
10.01000  -8.33566  5.52412 
10.02000  -8.28001  5.60720 
10.03000  -8.22352  5.68972 
10.04000  -8.16621  5.77167 
10.05000  -8.10809  5.85304 
10.06000  -8.04915  5.93383 
10.07000  -7.98941  6.01402 
10.08000  -7.92887  6.09361 
10.09000  -7.86754  6.17259 
10.10000  -7.80542  6.25096 
10.11000  -7.74252  6.32870 
10.12000  -7.67884  6.40580 
10.13000  -7.61440  6.48227 
10.14000  -7.54920  6.55809 
10.15000  -7.48324  6.63325 
10.16000  -7.41653  6.70775 
10.17000  -7.34909  6.78158 
10.18000  -7.28090  6.85473 
10.19000  -7.21199  6.92719 
10.20000  -7.14236  6.99896 
10.21000  -7.07201  7.07003 
10.22000  -7.00096  7.14040 
10.23000  -6.92920  7.21005 
10.24000  -6.85676  7.27898 
10.25000  -6.78362  7.34718 
10.26000  -6.70981  7.41465 
10.27000  -6.63533  7.48138 
10.28000  -6.56019  7.54735 
10.29000  -6.48438  7.61258 
10.30000  -6.40793  7.67704 
10.31000  -6.33084  7.74073 
10.32000  -6.25312  7.80365 
10.33000  -6.17477  7.86579 
10.34000  -6.09580  7.92714 
10.35000  -6.01623  7.98770 
10.36000  -5.93605  8.04746 
10.37000  -5.85528  8.10642 
10.38000  -5.77392  8.16457 
10.39000  -5.69199  8.22190 
10.40000  -5.60948  8.27840 
10.41000  -5.52642  8.33408 
10.42000  -5.44280  8.38893 
10.43000  -5.35864  8.44294 
10.44000  -5.27394  8.49610 
10.45000  -5.18872  8.54841 
10.46000  -5.10298  8.59987 
10.47000  -5.01672  8.65047 
10.48000  -4.92997  8.70020 
10.49000  -4.84272  8.74907 
10.50000  -4.75498  8.79706 
10.51000  -4.66678  8.84416 
10.52000  -4.57810  8.89039 
10.53000  -4.48897  8.93572 
10.54000  -4.39939  8.98017 
10.55000  -4.30937  9.02371 
10.56000  -4.21891  9.06635 
10.57000  -4.12804  9.10809 
10.58000  -4.03675  9.14891 
10.59000  -3.94506  9.18882 
10.60000  -3.85297  9.22781 
10.61000  -3.76050  9.26588 
10.62000  -3.66766  9.30302 
10.63000  -3.57444  9.33923 
10.64000  -3.48087  9.37450 
10.65000  -3.38695  9.40884 
10.66000  -3.29270  9.44224 
10.67000  -3.19811  9.47470 
10.68000  -3.10320  9.50620 
10.69000  -3.00798  9.53676 
10.70000  -2.91247  9.56636 
10.71000  -2.81666  9.59501 
10.72000  -2.72057  9.62269 
10.73000  -2.62420  9.64942 
10.74000  -2.52758  9.67517 
10.75000  -2.43070  9.69997 
10.76000  -2.33358  9.72379 
10.77000  -2.23622  9.74664 
10.78000  -2.13865  9.76851 
10.79000  -2.04085  9.78941 
10.80000  -1.94286  9.80933 
10.81000  -1.84467  9.82826 
10.82000  -1.74629  9.84622 
10.83000  -1.64774  9.86319 
10.84000  -1.54903  9.87917 
10.85000  -1.45016  9.89417 
10.86000  -1.35115  9.90818 
10.87000  -1.25200  9.92119 
10.88000  -1.15272  9.93322 
10.89000  -1.05333  9.94425 
10.90000  -0.95384  9.95428 
10.91000  -0.85425  9.96332 
10.92000  -0.75457  9.97137 
10.93000  -0.65482  9.97841 
10.94000  -0.55500  9.98446 
10.95000  -0.45513  9.98951 
10.96000  -0.35521  9.99356 
10.97000  -0.25526  9.99662 
10.98000  -0.15528  9.99867 
10.99000  -0.05528  9.99972 
11.00000  0.04472  9.99978 
11.01000  0.14471  9.99883 
11.02000  0.24469  9.99688 
11.03000  0.34465  9.99393 
11.04000  0.44457  9.98999 
11.05000  0.54445  9.98504 
11.06000  0.64427  9.97910 
11.07000  0.74403  9.97216 
11.08000  0.84371  9.96422 
11.09000  0.94331  9.95528 
11.10000  1.04282  9.94535 
11.11000  1.14222  9.93443 
11.12000  1.24151  9.92251 
11.13000  1.34067  9.90960 
11.14000  1.43970  9.89570 
11.15000  1.53859  9.88081 
11.16000  1.63732  9.86493 
11.17000  1.73588  9.84806 
11.18000  1.83428  9.83021 
11.19000  1.93249  9.81138 
11.20000  2.03051  9.79156 
11.21000  2.12832  9.77077 
11.22000  2.22592  9.74899 
11.23000  2.32330  9.72625 
11.24000  2.42045  9.70253 
11.25000  2.51735  9.67784 
11.26000  2.61400  9.65218 
11.27000  2.71039  9.62556 
11.28000  2.80651  9.59798 
11.29000  2.90235  9.56943 
11.30000  2.99790  9.53993 
11.31000  3.09315  9.50948 
11.32000  3.18809  9.47807 
11.33000  3.28271  9.44572 
11.34000  3.37701  9.41242 
11.35000  3.47096  9.37818 
11.36000  3.56457  9.34300 
11.37000  3.65782  9.30689 
11.38000  3.75071  9.26985 
11.39000  3.84322  9.23188 
11.40000  3.93535  9.19298 
11.41000  4.02708  9.15317 
11.42000  4.11841  9.11244 
11.43000  4.20933  9.07081 
11.44000  4.29982  9.02826 
11.45000  4.38989  8.98481 
11.46000  4.47952  8.94046 
11.47000  4.56870  8.89522 
11.48000  4.65743  8.84909 
11.49000  4.74568  8.80208 
11.50000  4.83347  8.75418 
11.51000  4.92077  8.70541 
11.52000  5.00758  8.65577 
11.53000  5.09388  8.60526 
11.54000  5.17968  8.55389 
11.55000  5.26496  8.50167 
11.56000  5.34971  8.44860 
11.57000  5.43393  8.39468 
11.58000  5.51761  8.33992 
11.59000  5.60073  8.28433 
11.60000  5.68329  8.22791 
11.61000  5.76529  8.17067 
11.62000  5.84671  8.11261 
11.63000  5.92754  8.05373 
11.64000  6.00778  7.99406 
11.65000  6.08742  7.93358 
11.66000  6.16645  7.87231 
11.67000  6.24487  7.81026 
11.68000  6.32266  7.74742 
11.69000  6.39982  7.68381 
11.70000  6.47633  7.61942 
11.71000  6.55221  7.55428 
11.72000  6.62742  7.48838 
11.73000  6.70197  7.42174 
11.74000  6.77586  7.35435 
11.75000  6.84906  7.28622 
11.76000  6.92158  7.21737 
11.77000  6.99341  7.14780 
11.78000  7.06454  7.07751 
11.79000  7.13496  7.00651 
11.80000  7.20467  6.93481 
11.81000  7.27365  6.86242 
11.82000  7.34191  6.78934 
11.83000  7.40944  6.71558 
11.84000  7.47623  6.64116 
11.85000  7.54226  6.56606 
11.86000  7.60755  6.49031 
11.87000  7.67207  6.41392 
11.88000  7.73583  6.33688 
11.89000  7.79881  6.25920 
11.90000  7.86101  6.18090 
11.91000  7.92243  6.10199 
11.92000  7.98305  6.02246 
11.93000  8.04287  5.94233 
11.94000  8.10190  5.86161 
11.95000  8.16011  5.78030 
11.96000  8.21750  5.69841 
11.97000  8.27407  5.61595 
11.98000  8.32982  5.53293 
11.99000  8.38473  5.44936 
12.00000  8.43881  5.36524 
12.01000  8.49204  5.28059 
12.02000  8.54442  5.19540 
12.03000  8.59595  5.10970 
12.04000  8.64661  5.02349 
12.05000  8.69642  4.93677 
12.06000  8.74535  4.84957 
12.07000  8.79341  4.76187 
12.08000  8.84059  4.67370 
12.09000  8.88688  4.58506 
12.10000  8.93229  4.49597 
12.11000  8.97680  4.40642 
12.12000  9.02042  4.31644 
12.13000  9.06313  4.22602 
12.14000  9.10494  4.13518 
12.15000  9.14583  4.04392 
12.16000  9.18582  3.95227 
12.17000  9.22488  3.86021 
12.18000  9.26302  3.76777 
12.19000  9.30023  3.67496 
12.20000  9.33652  3.58177 
12.21000  9.37187  3.48823 
12.22000  9.40628  3.39434 
12.23000  9.43976  3.30011 
12.24000  9.47229  3.20555 
12.25000  9.50387  3.11067 
12.26000  9.53450  3.01548 
12.27000  9.56418  2.91998 
12.28000  9.59290  2.82420 
12.29000  9.62066  2.72813 
12.30000  9.64746  2.63179 
12.31000  9.67330  2.53519 
12.32000  9.69816  2.43833 
12.33000  9.72206  2.34123 
12.34000  9.74499  2.24389 
12.35000  9.76694  2.14633 
12.36000  9.78792  2.04856 
12.37000  9.80791  1.95058 
12.38000  9.82693  1.85241 
12.39000  9.84496  1.75405 
12.40000  9.86201  1.65551 
12.41000  9.87807  1.55681 
12.42000  9.89314  1.45796 
12.43000  9.90723  1.35895 
12.44000  9.92032  1.25982 
12.45000  9.93243  1.16055 
12.46000  9.94353  1.06117 
12.47000  9.95365  0.96169 
12.48000  9.96277  0.86210 
12.49000  9.97089  0.76244 
12.50000  9.97802  0.66269 
12.51000  9.98415  0.56288 
12.52000  9.98927  0.46301 
12.53000  9.99341  0.36310 
12.54000  9.99654  0.26315 
12.55000  9.99867  0.16317 
12.56000  9.99980  0.06318 
12.57000  9.99993  -0.03682 
12.58000  9.99906  -0.13681 
12.59000  9.99720  -0.23679 
12.60000  9.99433  -0.33675 
12.61000  9.99046  -0.43667 
12.62000  9.98559  -0.53656 
12.63000  9.97973  -0.63638 
12.64000  9.97287  -0.73614 
12.65000  9.96501  -0.83583 
12.66000  9.95615  -0.93544 
12.67000  9.94630  -1.03495 
12.68000  9.93545  -1.13436 
12.69000  9.92361  -1.23366 
12.70000  9.91078  -1.33283 
12.71000  9.89695  -1.43187 
12.72000  9.88214  -1.53076 
12.73000  9.86634  -1.62950 
12.74000  9.84955  -1.72808 
12.75000  9.83178  -1.82649 
12.76000  9.81302  -1.92471 
12.77000  9.79328  -2.02275 
12.78000  9.77257  -2.12058 
12.79000  9.75087  -2.21819 
12.80000  9.72820  -2.31559 
12.81000  9.70456  -2.41275 
12.82000  9.67995  -2.50967 
12.83000  9.65437  -2.60635 
12.84000  9.62782  -2.70276 
12.85000  9.60031  -2.79890 
12.86000  9.57184  -2.89476 
12.87000  9.54242  -2.99033 
12.88000  9.51204  -3.08560 
12.89000  9.48070  -3.18057 
12.90000  9.44842  -3.27521 
12.91000  9.41520  -3.36953 
12.92000  9.38103  -3.46351 
12.93000  9.34593  -3.55715 
12.94000  9.30989  -3.65042 
12.95000  9.27292  -3.74334 
12.96000  9.23502  -3.83588 
12.97000  9.19620  -3.92803 
12.98000  9.15646  -4.01980 
12.99000  9.11581  -4.11116 
13.00000  9.07424  -4.20211 
13.01000  9.03177  -4.29264 
13.02000  8.98839  -4.38274 
13.03000  8.94411  -4.47240 
13.04000  8.89894  -4.56162 
13.05000  8.85288  -4.65038 
13.06000  8.80593  -4.73867 
13.07000  8.75810  -4.82649 
13.08000  8.70940  -4.91383 
13.09000  8.65983  -5.00067 
13.10000  8.60939  -5.08702 
13.11000  8.55809  -5.17286 
13.12000  8.50593  -5.25818 
13.13000  8.45292  -5.34297 
13.14000  8.39907  -5.42723 
13.15000  8.34438  -5.51095 
13.16000  8.28885  -5.59412 
13.17000  8.23250  -5.67672 
13.18000  8.17532  -5.75876 
13.19000  8.11732  -5.84023 
13.20000  8.05851  -5.92110 
13.21000  7.99890  -6.00139 
13.22000  7.93849  -6.08108 
13.23000  7.87728  -6.16016 
13.24000  7.81528  -6.23862 
13.25000  7.75251  -6.31646 
13.26000  7.68895  -6.39367 
13.27000  7.62463  -6.47023 
13.28000  7.55955  -6.54616 
13.29000  7.49371  -6.62142 
13.30000  7.42712  -6.69603 
13.31000  7.35979  -6.76996 
13.32000  7.29172  -6.84322 
13.33000  7.22292  -6.91579 
13.34000  7.15341  -6.98767 
13.35000  7.08317  -7.05886 
13.36000  7.01223  -7.12933 
13.37000  6.94058  -7.19910 
13.38000  6.86825  -7.26814 
13.39000  6.79522  -7.33646 
13.40000  6.72152  -7.40404 
13.41000  6.64714  -7.47088 
13.42000  6.57210  -7.53698 
13.43000  6.49640  -7.60232 
13.44000  6.42005  -7.66691 
13.45000  6.34306  -7.73072 
13.46000  6.26544  -7.79376 
13.47000  6.18719  -7.85603 
13.48000  6.10832  -7.91750 
13.49000  6.02884  -7.97819 
13.50000  5.94875  -8.03808 
13.51000  5.86808  -8.09716 
13.52000  5.78681  -8.15544 
13.53000  5.70497  -8.21290 
13.54000  5.62255  -8.26953 
13.55000  5.53958  -8.32534 
13.56000  5.45605  -8.38032 
13.57000  5.37197  -8.43446 
13.58000  5.28736  -8.48776 
13.59000  5.20222  -8.54021 
13.60000  5.11655  -8.59180 
13.61000  5.03038  -8.64254 
13.62000  4.94370  -8.69241 
13.63000  4.85653  -8.74141 
13.64000  4.76887  -8.78953 
13.65000  4.68074  -8.83678 
13.66000  4.59214  -8.88315 
13.67000  4.50308  -8.92862 
13.68000  4.41357  -8.97321 
13.69000  4.32361  -9.01689 
13.70000  4.23323  -9.05968 
13.71000  4.14242  -9.10155 
13.72000  4.05120  -9.14252 
13.73000  3.95957  -9.18258 
13.74000  3.86755  -9.22171 
13.75000  3.77514  -9.25992 
13.76000  3.68235  -9.29721 
13.77000  3.58919  -9.33357 
13.78000  3.49568  -9.36899 
13.79000  3.40181  -9.40348 
13.80000  3.30761  -9.43703 
13.81000  3.21307  -9.46963 
13.82000  3.11821  -9.50129 
13.83000  3.02304  -9.53200 
13.84000  2.92757  -9.56175 
13.85000  2.83181  -9.59055 
13.86000  2.73576  -9.61838 
13.87000  2.63944  -9.64526 
13.88000  2.54286  -9.67117 
13.89000  2.44602  -9.69611 
13.90000  2.34894  -9.72009 
13.91000  2.25162  -9.74309 
13.92000  2.15407  -9.76512 
13.93000  2.05631  -9.78617 
13.94000  1.95835  -9.80625 
13.95000  1.86019  -9.82534 
13.96000  1.76184  -9.84345 
13.97000  1.66332  -9.86057 
13.98000  1.56463  -9.87671 
13.99000  1.46579  -9.89187 
14.00000  1.36679  -9.90603 
14.01000  1.26767  -9.91920 
14.02000  1.16841  -9.93138 
14.03000  1.06904  -9.94257 
14.04000  0.96956  -9.95276 
14.05000  0.86998  -9.96196 
14.06000  0.77032  -9.97016 
14.07000  0.67058  -9.97737 
14.08000  0.57077  -9.98357 
14.09000  0.47091  -9.98878 
14.10000  0.37100  -9.99299 
14.11000  0.27105  -9.99620 
14.12000  0.17107  -9.99841 
14.13000  0.07108  -9.99962 
14.14000  -0.02892  -9.99983 
14.15000  -0.12892  -9.99904 
14.16000  -0.22890  -9.99725 
14.17000  -0.32886  -9.99447 
14.18000  -0.42879  -9.99068 
14.19000  -0.52868  -9.98589 
14.20000  -0.62851  -9.98010 
14.21000  -0.72828  -9.97332 
14.22000  -0.82797  -9.96554 
14.23000  -0.92759  -9.95676 
14.24000  -1.02711  -9.94699 
14.25000  -1.12653  -9.93622 
14.26000  -1.22583  -9.92446 
14.27000  -1.32502  -9.91170 
14.28000  -1.42407  -9.89796 
14.29000  -1.52298  -9.88322 
14.30000  -1.62173  -9.86750 
14.31000  -1.72033  -9.85079 
14.32000  -1.81875  -9.83309 
14.33000  -1.91699  -9.81442 
14.34000  -2.01504  -9.79476 
14.35000  -2.11288  -9.77412 
14.36000  -2.21052  -9.75250 
14.37000  -2.30793  -9.72991 
14.38000  -2.40512  -9.70634 
14.39000  -2.50206  -9.68181 
14.40000  -2.59875  -9.65630 
14.41000  -2.69519  -9.62983 
14.42000  -2.79135  -9.60240 
14.43000  -2.88723  -9.57401 
14.44000  -2.98283  -9.54466 
14.45000  -3.07813  -9.51435 
14.46000  -3.17312  -9.48309 
14.47000  -3.26779  -9.45089 
14.48000  -3.36213  -9.41774 
14.49000  -3.45614  -9.38365 
14.50000  -3.54981  -9.34862 
14.51000  -3.64312  -9.31265 
14.52000  -3.73606  -9.27576 
14.53000  -3.82863  -9.23794 
14.54000  -3.92082  -9.19919 
14.55000  -4.01262  -9.15952 
14.56000  -4.10401  -9.11894 
14.57000  -4.19499  -9.07744 
14.58000  -4.28556  -9.03504 
14.59000  -4.37569  -8.99173 
14.60000  -4.46539  -8.94753 
14.61000  -4.55465  -8.90243 
14.62000  -4.64344  -8.85644 
14.63000  -4.73177  -8.80956 
14.64000  -4.81963  -8.76180 
14.65000  -4.90701  -8.71317 
14.66000  -4.99390  -8.66367 
14.67000  -5.08028  -8.61330 
14.68000  -5.16616  -8.56206 
14.69000  -5.25152  -8.50998 
14.70000  -5.33636  -8.45704 
14.71000  -5.42067  -8.40325 
14.72000  -5.50443  -8.34863 
14.73000  -5.58764  -8.29316 
14.74000  -5.67029  -8.23688 
14.75000  -5.75238  -8.17976 
14.76000  -5.83389  -8.12183 
14.77000  -5.91481  -8.06309 
14.78000  -5.99515  -8.00354 
14.79000  -6.07488  -7.94319 
14.80000  -6.15401  -7.88204 
14.81000  -6.23252  -7.82011 
14.82000  -6.31041  -7.75740 
14.83000  -6.38767  -7.69390 
14.84000  -6.46429  -7.62965 
14.85000  -6.54026  -7.56462 
14.86000  -6.61558  -7.49884 
14.87000  -6.69024  -7.43231 
14.88000  -6.76423  -7.36504 
14.89000  -6.83754  -7.29703 
14.90000  -6.91017  -7.22829 
14.91000  -6.98211  -7.15883 
14.92000  -7.05335  -7.08866 
14.93000  -7.12388  -7.01777 
14.94000  -7.19370  -6.94618 
14.95000  -7.26280  -6.87390 
14.96000  -7.33118  -6.80093 
14.97000  -7.39882  -6.72728 
14.98000  -7.46573  -6.65296 
14.99000  -7.53188  -6.57797 
15.00000  -7.59729  -6.50232 
15.01000  -7.66193  -6.42603 
15.02000  -7.72581  -6.34909 
15.03000  -7.78891  -6.27151 
15.04000  -7.85124  -6.19331 
15.05000  -7.91278  -6.11449 
15.06000  -7.97353  -6.03506 
15.07000  -8.03348  -5.95503 
15.08000  -8.09263  -5.87440 
15.09000  -8.15097  -5.79318 
15.10000  -8.20849  -5.71138 
15.11000  -8.26519  -5.62901 
15.12000  -8.32107  -5.54608 
15.13000  -8.37612  -5.46260 
15.14000  -8.43032  -5.37856 
15.15000  -8.48369  -5.29399 
15.16000  -8.53620  -5.20889 
15.17000  -8.58786  -5.12327 
15.18000  -8.63867  -5.03714 
15.19000  -8.68861  -4.95050 
15.20000  -8.73768  -4.86337 
15.21000  -8.78587  -4.77575 
15.22000  -8.83319  -4.68766 
15.23000  -8.87963  -4.59910 
15.24000  -8.92517  -4.51007 
15.25000  -8.96983  -4.42060 
15.26000  -9.01359  -4.33068 
15.27000  -9.05644  -4.24033 
15.28000  -9.09839  -4.14956 
15.29000  -9.13943  -4.05837 
15.30000  -9.17956  -3.96677 
15.31000  -9.21877  -3.87478 
15.32000  -9.25706  -3.78240 
15.33000  -9.29442  -3.68964 
15.34000  -9.33085  -3.59652 
15.35000  -9.36635  -3.50303 
15.36000  -9.40091  -3.40919 
15.37000  -9.43453  -3.31502 
15.38000  -9.46721  -3.22051 
15.39000  -9.49894  -3.12568 
15.40000  -9.52972  -3.03053 
15.41000  -9.55955  -2.93509 
15.42000  -9.58843  -2.83935 
15.43000  -9.61634  -2.74332 
15.44000  -9.64329  -2.64703 
15.45000  -9.66928  -2.55046 
15.46000  -9.69430  -2.45365 
15.47000  -9.71835  -2.35658 
15.48000  -9.74143  -2.25928 
15.49000  -9.76354  -2.16176 
15.50000  -9.78467  -2.06402 
15.51000  -9.80482  -1.96607 
15.52000  -9.82399  -1.86793 
15.53000  -9.84218  -1.76959 
15.54000  -9.85938  -1.67109 
15.55000  -9.87560  -1.57241 
15.56000  -9.89083  -1.47358 
15.57000  -9.90507  -1.37460 
15.58000  -9.91832  -1.27548 
15.59000  -9.93058  -1.17624 
15.60000  -9.94185  -1.07688 
15.61000  -9.95212  -0.97741 
15.62000  -9.96139  -0.87784 
15.63000  -9.96967  -0.77818 
15.64000  -9.97696  -0.67845 
15.65000  -9.98324  -0.57865 
15.66000  -9.98853  -0.47879 
15.67000  -9.99282  -0.37888 
15.68000  -9.99611  -0.27894 
15.69000  -9.99840  -0.17897 
15.70000  -9.99969  -0.07898 
15.71000  -9.99998  0.02102 
15.72000  -9.99927  0.12102 
15.73000  -9.99756  0.22100 
15.74000  -9.99485  0.32096 
15.75000  -9.99114  0.42089 
15.76000  -9.98643  0.52078 
15.77000  -9.98072  0.62062 
15.78000  -9.97402  0.72039 
15.79000  -9.96631  0.82009 
15.80000  -9.95762  0.91971 
15.81000  -9.94792  1.01924 
15.82000  -9.93723  1.11867 
15.83000  -9.92555  1.21798 
15.84000  -9.91287  1.31717 
15.85000  -9.89920  1.41623 
15.86000  -9.88455  1.51515 
15.87000  -9.86890  1.61392 
15.88000  -9.85227  1.71252 
15.89000  -9.83465  1.81096 
15.90000  -9.81605  1.90921 
15.91000  -9.79647  2.00727 
15.92000  -9.77590  2.10514 
15.93000  -9.75436  2.20279 
15.94000  -9.73185  2.30022 
15.95000  -9.70836  2.39742 
15.96000  -9.68390  2.49438 
15.97000  -9.65847  2.59109 
15.98000  -9.63208  2.68755 
15.99000  -9.60472  2.78373 
16.00000  -9.57640  2.87964 
16.01000  -9.54713  2.97525 
16.02000  -9.51690  3.07057 
16.03000  -9.48572  3.16559 
16.04000  -9.45359  3.26028 
16.05000  -9.42051  3.35465 
16.06000  -9.38649  3.44869 
16.07000  -9.35154  3.54238 
16.08000  -9.31565  3.63571 
16.09000  -9.27882  3.72869 
16.10000  -9.24107  3.82129 
16.11000  -9.20240  3.91350 
16.12000  -9.16280  4.00533 
16.13000  -9.12229  4.09676 
16.14000  -9.08087  4.18777 
16.15000  -9.03853  4.27837 
16.16000  -8.99530  4.36854 
16.17000  -8.95116  4.45827 
16.18000  -8.90613  4.54756 
16.19000  -8.86021  4.63639 
16.20000  -8.81341  4.72476 
16.21000  -8.76572  4.81265 
16.22000  -8.71715  4.90007 
16.23000  -8.66772  4.98699 
16.24000  -8.61741  5.07342 
16.25000  -8.56625  5.15933 
16.26000  -8.51423  5.24474 
16.27000  -8.46135  5.32961 
16.28000  -8.40763  5.41396 
16.29000  -8.35307  5.49776 
16.30000  -8.29768  5.58102 
16.31000  -8.24145  5.66371 
16.32000  -8.18440  5.74584 
16.33000  -8.12654  5.82740 
16.34000  -8.06786  5.90837 
16.35000  -8.00837  5.98875 
16.36000  -7.94808  6.06853 
16.37000  -7.88700  6.14771 
16.38000  -7.82513  6.22627 
16.39000  -7.76247  6.30421 
16.40000  -7.69904  6.38151 
16.41000  -7.63484  6.45818 
16.42000  -7.56988  6.53421 
16.43000  -7.50416  6.60958 
16.44000  -7.43769  6.68429 
16.45000  -7.37047  6.75833 
16.46000  -7.30252  6.83169 
16.47000  -7.23384  6.90437 
16.48000  -7.16443  6.97636 
16.49000  -7.09431  7.04766 
16.50000  -7.02348  7.11825 
16.51000  -6.95195  7.18812 
16.52000  -6.87972  7.25728 
16.53000  -6.80680  7.32572 
16.54000  -6.73320  7.39342 
16.55000  -6.65893  7.46038 
16.56000  -6.58400  7.52659 
16.57000  -6.50840  7.59205 
16.58000  -6.43216  7.65676 
16.59000  -6.35527  7.72069 
16.60000  -6.27774  7.78386 
16.61000  -6.19959  7.84624 
16.62000  -6.12082  7.90785 
16.63000  -6.04143  7.96866 
16.64000  -5.96144  8.02867 
16.65000  -5.88086  8.08788 
16.66000  -5.79969  8.14629 
16.67000  -5.71793  8.20387 
16.68000  -5.63561  8.26064 
16.69000  -5.55272  8.31658 
16.70000  -5.46928  8.37169 
16.71000  -5.38529  8.42597 
16.72000  -5.30076  8.47940 
16.73000  -5.21570  8.53198 
16.74000  -5.13012  8.58371 
16.75000  -5.04402  8.63458 
16.76000  -4.95743  8.68459 
16.77000  -4.87033  8.73372 
16.78000  -4.78275  8.78199 
16.79000  -4.69469  8.82938 
16.80000  -4.60616  8.87588 
16.81000  -4.51718  8.92150 
16.82000  -4.42773  8.96622 
16.83000  -4.33785  9.01005 
16.84000  -4.24753  9.05298 
16.85000  -4.15679  9.09500 
16.86000  -4.06563  9.13611 
16.87000  -3.97407  9.17631 
16.88000  -3.88211  9.21559 
16.89000  -3.78976  9.25395 
16.90000  -3.69703  9.29138 
16.91000  -3.60393  9.32789 
16.92000  -3.51047  9.36346 
16.93000  -3.41666  9.39810 
16.94000  -3.32251  9.43179 
16.95000  -3.22802  9.46455 
16.96000  -3.13322  9.49635 
16.97000  -3.03810  9.52721 
16.98000  -2.94267  9.55711 
16.99000  -2.84696  9.58606 
17.00000  -2.75095  9.61405 
17.01000  -2.65467  9.64108 
17.02000  -2.55813  9.66714 
17.03000  -2.46133  9.69224 
17.04000  -2.36429  9.71637 
17.05000  -2.26700  9.73952 
17.06000  -2.16950  9.76171 
17.07000  -2.07177  9.78291 
17.08000  -1.97384  9.80314 
17.09000  -1.87571  9.82239 
17.10000  -1.77739  9.84065 
17.11000  -1.67889  9.85794 
17.12000  -1.58023  9.87423 
17.13000  -1.48141  9.88954 
17.14000  -1.38244  9.90386 
17.15000  -1.28333  9.91719 
17.16000  -1.18410  9.92952 
17.17000  -1.08474  9.94087 
17.18000  -0.98528  9.95122 
17.19000  -0.88572  9.96057 
17.20000  -0.78607  9.96893 
17.21000  -0.68634  9.97629 
17.22000  -0.58654  9.98266 
17.23000  -0.48669  9.98802 
17.24000  -0.38678  9.99239 
17.25000  -0.28684  9.99576 
17.26000  -0.18687  9.99813 
17.27000  -0.08688  9.99950 
17.28000  0.01312  9.99987 
17.29000  0.11312  9.99924 
17.30000  0.21311  9.99760 
17.31000  0.31307  9.99497 
17.32000  0.41301  9.99134 
17.33000  0.51290  9.98671 
17.34000  0.61274  9.98108 
17.35000  0.71252  9.97446 
17.36000  0.81223  9.96683 
17.37000  0.91186  9.95821 
17.38000  1.01140  9.94860 
17.39000  1.11083  9.93799 
17.40000  1.21016  9.92638 
17.41000  1.30936  9.91378 
17.42000  1.40843  9.90020 
17.43000  1.50736  9.88562 
17.44000  1.60614  9.87005 
17.45000  1.70476  9.85349 
17.46000  1.80321  9.83595 
17.47000  1.90148  9.81743 
17.48000  1.99956  9.79793 
17.49000  2.09744  9.77744 
17.50000  2.19511  9.75598 
17.51000  2.29256  9.73354 
17.52000  2.38978  9.71013 
17.53000  2.48676  9.68575 
17.54000  2.58350  9.66039 
17.55000  2.67997  9.63408 
17.56000  2.77618  9.60680 
17.57000  2.87211  9.57855 
17.58000  2.96775  9.54936 
17.59000  3.06309  9.51920 
17.60000  3.15813  9.48809 
17.61000  3.25286  9.45604 
17.62000  3.34725  9.42304 
17.63000  3.44132  9.38910 
17.64000  3.53504  9.35421 
17.65000  3.62840  9.31840 
17.66000  3.72140  9.28165 
17.67000  3.81403  9.24397 
17.68000  3.90628  9.20537 
17.69000  3.99814  9.16585 
17.70000  4.08960  9.12541 
17.71000  4.18065  9.08406 
17.72000  4.27128  9.04180 
17.73000  4.36149  8.99863 
17.74000  4.45125  8.95457 
17.75000  4.54058  8.90961 
17.76000  4.62945  8.86376 
17.77000  4.71785  8.81702 
17.78000  4.80579  8.76941 
17.79000  4.89324  8.72091 
17.80000  4.98021  8.67154 
17.81000  5.06667  8.62131 
17.82000  5.15263  8.57021 
17.83000  5.23808  8.51826 
17.84000  5.32300  8.46545 
17.85000  5.40738  8.41180 
17.86000  5.49123  8.35731 
17.87000  5.57453  8.30198 
17.88000  5.65727  8.24582 
17.89000  5.73945  8.18884 
17.90000  5.82105  8.13104 
17.91000  5.90207  8.07242 
17.92000  5.98250  8.01300 
17.93000  6.06233  7.95277 
17.94000  6.14155  7.89175 
17.95000  6.22016  7.82994 
17.96000  6.29815  7.76735 
17.97000  6.37551  7.70398 
17.98000  6.45223  7.63985 
17.99000  6.52831  7.57494 
18.00000  6.60373  7.50928 
18.01000  6.67849  7.44287 
18.02000  6.75259  7.37572 
18.03000  6.82601  7.30782 
18.04000  6.89874  7.23920 
18.05000  6.97079  7.16985 
18.06000  7.04214  7.09979 
18.07000  7.11279  7.02901 
18.08000  7.18272  6.95754 
18.09000  7.25194  6.88536 
18.10000  7.32043  6.81250 
18.11000  7.38819  6.73896 
18.12000  7.45521  6.66474 
18.13000  7.52148  6.58986 
18.14000  7.58701  6.51431 
18.15000  7.65177  6.43812 
18.16000  7.71577  6.36128 
18.17000  7.77899  6.28381 
18.18000  7.84144  6.20571 
18.19000  7.90311  6.12698 
18.20000  7.96398  6.04765 
18.21000  8.02406  5.96771 
18.22000  8.08334  5.88717 
18.23000  8.14181  5.80605 
18.24000  8.19946  5.72434 
18.25000  8.25629  5.64206 
18.26000  8.31230  5.55922 
18.27000  8.36748  5.47582 
18.28000  8.42182  5.39187 
18.29000  8.47531  5.30739 
18.30000  8.52796  5.22237 
18.31000  8.57976  5.13683 
18.32000  8.63070  5.05078 
18.33000  8.68078  4.96422 
18.34000  8.72998  4.87717 
18.35000  8.77832  4.78963 
18.36000  8.82578  4.70161 
18.37000  8.87235  4.61312 
18.38000  8.91804  4.52416 
18.39000  8.96284  4.43476 
18.40000  9.00673  4.34491 
18.41000  9.04973  4.25463 
18.42000  9.09183  4.16392 
18.43000  9.13301  4.07280 
18.44000  9.17328  3.98127 
18.45000  9.21264  3.88934 
18.46000  9.25107  3.79702 
18.47000  9.28858  3.70432 
18.48000  9.32516  3.61125 
18.49000  9.36080  3.51782 
18.50000  9.39551  3.42404 
18.51000  9.42928  3.32992 
18.52000  9.46211  3.23546 
18.53000  9.49399  3.14068 
18.54000  9.52492  3.04558 
18.55000  9.55490  2.95018 
18.56000  9.58393  2.85449 
18.57000  9.61199  2.75851 
18.58000  9.63910  2.66225 
18.59000  9.66524  2.56573 
18.60000  9.69041  2.46895 
18.61000  9.71462  2.37193 
18.62000  9.73785  2.27467 
18.63000  9.76011  2.17718 
18.64000  9.78140  2.07947 
18.65000  9.80170  1.98155 
18.66000  9.82103  1.88344 
18.67000  9.83937  1.78514 
18.68000  9.85673  1.68666 
18.69000  9.87310  1.58801 
18.70000  9.88849  1.48920 
18.71000  9.90289  1.39024 
18.72000  9.91629  1.29115 
18.73000  9.92871  1.19192 
18.74000  9.94013  1.09258 
18.75000  9.95056  0.99313 
18.76000  9.96000  0.89357 
18.77000  9.96843  0.79393 
18.78000  9.97587  0.69421 
18.79000  9.98232  0.59442 
18.80000  9.98776  0.49457 
18.81000  9.99221  0.39467 
18.82000  9.99566  0.29473 
18.83000  9.99810  0.19476 
18.84000  9.99955  0.09477 
18.85000  10.00000  -0.00523 
18.86000  9.99945  -0.10522 
18.87000  9.99789  -0.20521 
18.88000  9.99534  -0.30518 
18.89000  9.99179  -0.40511 
18.90000  9.98724  -0.50501 
18.91000  9.98169  -0.60485 
18.92000  9.97514  -0.70464 
18.93000  9.96760  -0.80435 
18.94000  9.95906  -0.90398 
18.95000  9.94952  -1.00353 
18.96000  9.93899  -1.10297 
18.97000  9.92746  -1.20230 
18.98000  9.91494  -1.30151 
18.99000  9.90143  -1.40059 
19.00000  9.88693  -1.49954 
19.01000  9.87144  -1.59833 
19.02000  9.85496  -1.69696 
19.03000  9.83750  -1.79542 
19.04000  9.81905  -1.89370 
19.05000  9.79962  -1.99180 
19.06000  9.77922  -2.08969 
19.07000  9.75783  -2.18738 
19.08000  9.73547  -2.28484 
19.09000  9.71213  -2.38208 
19.10000  9.68783  -2.47908 
19.11000  9.66255  -2.57583 
19.12000  9.63631  -2.67233 
19.13000  9.60911  -2.76856 
19.14000  9.58094  -2.86451 
19.15000  9.55182  -2.96017 
19.16000  9.52174  -3.05554 
19.17000  9.49070  -3.15060 
19.18000  9.45872  -3.24535 
19.19000  9.42580  -3.33977 
19.20000  9.39193  -3.43386 
19.21000  9.35712  -3.52760 
19.22000  9.32138  -3.62100 
19.23000  9.28470  -3.71403 
19.24000  9.24710  -3.80668 
19.25000  9.20857  -3.89896 
19.26000  9.16912  -3.99085 
19.27000  9.12875  -4.08234 
19.28000  9.08747  -4.17342 
19.29000  9.04528  -4.26409 
19.30000  9.00219  -4.35432 
19.31000  8.95820  -4.44413 
19.32000  8.91331  -4.53348 
19.33000  8.86753  -4.62239 
19.34000  8.82086  -4.71083 
19.35000  8.77331  -4.79880 
19.36000  8.72488  -4.88629 
19.37000  8.67558  -4.97329 
19.38000  8.62542  -5.05980 
19.39000  8.57439  -5.14580 
19.40000  8.52250  -5.23128 
19.41000  8.46976  -5.31624 
19.42000  8.41618  -5.40067 
19.43000  8.36175  -5.48456 
19.44000  8.30648  -5.56790 
19.45000  8.25039  -5.65069 
19.46000  8.19347  -5.73291 
19.47000  8.13573  -5.81455 
19.48000  8.07718  -5.89562 
19.49000  8.01782  -5.97609 
19.50000  7.95766  -6.05597 
19.51000  7.89670  -6.13524 
19.52000  7.83495  -6.21390 
19.53000  7.77242  -6.29194 
19.54000  7.70911  -6.36934 
19.55000  7.64504  -6.44611 
19.56000  7.58019  -6.52224 
19.57000  7.51459  -6.59771 
19.58000  7.44824  -6.67253 
19.59000  7.38114  -6.74668 
19.60000  7.31330  -6.82015 
19.61000  7.24474  -6.89294 
19.62000  7.17545  -6.96504 
19.63000  7.10544  -7.03644 
19.64000  7.03472  -7.10714 
19.65000  6.96329  -7.17713 
19.66000  6.89117  -7.24641 
19.67000  6.81837  -7.31495 
19.68000  6.74487  -7.38277 
19.69000  6.67071  -7.44985 
19.70000  6.59588  -7.51618 
19.71000  6.52039  -7.58176 
19.72000  6.44424  -7.64659 
19.73000  6.36745  -7.71064 
19.74000  6.29003  -7.77393 
19.75000  6.21198  -7.83644 
19.76000  6.13330  -7.89817 
19.77000  6.05401  -7.95910 
19.78000  5.97412  -8.01925 
19.79000  5.89363  -8.07858 
19.80000  5.81255  -8.13712 
19.81000  5.73089  -8.19483 
19.82000  5.64865  -8.25173 
19.83000  5.56585  -8.30780 
19.84000  5.48249  -8.36304 
19.85000  5.39859  -8.41745 
19.86000  5.31415  -8.47101 
19.87000  5.22917  -8.52373 
19.88000  5.14367  -8.57559 
19.89000  5.05766  -8.62660 
19.90000  4.97114  -8.67674 
19.91000  4.88412  -8.72602 
19.92000  4.79662  -8.77442 
19.93000  4.70863  -8.82195 
19.94000  4.62018  -8.86860 
19.95000  4.53126  -8.91435 
19.96000  4.44189  -8.95922 
19.97000  4.35208  -9.00319 
19.98000  4.26183  -9.04626 
19.99000  4.17115  -9.08842 
20.00000  4.08006  -9.12968 
20.01000  3.98856  -9.17002 
20.02000  3.89666  -9.20945 
20.03000  3.80437  -9.24795 
20.04000  3.71170  -9.28553 
20.05000  3.61866  -9.32218 
20.06000  3.52526  -9.35790 
20.07000  3.43150  -9.39269 
20.08000  3.33740  -9.42653 
20.09000  3.24297  -9.45943 
20.10000  3.14821  -9.49139 
20.11000  3.05314  -9.52240 
20.12000  2.95777  -9.55245 
20.13000  2.86209  -9.58155 
20.14000  2.76614  -9.60969 
20.15000  2.66990  -9.63687 
20.16000  2.57340  -9.66309 
20.17000  2.47664  -9.68834 
20.18000  2.37963  -9.71262 
20.19000  2.28239  -9.73593 
20.20000  2.18491  -9.75827 
20.21000  2.08722  -9.77963 
20.22000  1.98932  -9.80001 
20.23000  1.89122  -9.81941 
20.24000  1.79293  -9.83783 
20.25000  1.69446  -9.85527 
20.26000  1.59583  -9.87172 
20.27000  1.49703  -9.88719 
20.28000  1.39808  -9.90166 
20.29000  1.29900  -9.91515 
20.30000  1.19978  -9.92764 
20.31000  1.10044  -9.93914 
20.32000  1.00100  -9.94965 
20.33000  0.90145  -9.95916 
20.34000  0.80181  -9.96768 
20.35000  0.70210  -9.97520 
20.36000  0.60231  -9.98172 
20.37000  0.50246  -9.98724 
20.38000  0.40256  -9.99177 
20.39000  0.30263  -9.99529 
20.40000  0.20266  -9.99782 
20.41000  0.10267  -9.99935 
20.42000  0.00267  -9.99987 
20.43000  -0.09733  -9.99940 
20.44000  -0.19732  -9.99793 
20.45000  -0.29729  -9.99546 
20.46000  -0.39723  -9.99198 
20.47000  -0.49713  -9.98751 
20.48000  -0.59698  -9.98204 
20.49000  -0.69677  -9.97557 
20.50000  -0.79649  -9.96811 
20.51000  -0.89613  -9.95964 
20.52000  -0.99568  -9.95018 
20.53000  -1.09513  -9.93973 
20.54000  -1.19447  -9.92828 
20.55000  -1.29370  -9.91584 
20.56000  -1.39279  -9.90241 
20.57000  -1.49175  -9.88799 
20.58000  -1.59055  -9.87257 
20.59000  -1.68920  -9.85617 
20.60000  -1.78767  -9.83879 
20.61000  -1.88597  -9.82042 
20.62000  -1.98408  -9.80107 
20.63000  -2.08199  -9.78074 
20.64000  -2.17970  -9.75943 
20.65000  -2.27718  -9.73715 
20.66000  -2.37444  -9.71389 
20.67000  -2.47146  -9.68966 
20.68000  -2.56823  -9.66446 
20.69000  -2.66475  -9.63830 
20.70000  -2.76100  -9.61117 
20.71000  -2.85697  -9.58308 
20.72000  -2.95266  -9.55403 
20.73000  -3.04805  -9.52403 
20.74000  -3.14314  -9.49307 
20.75000  -3.23792  -9.46117 
20.76000  -3.33237  -9.42831 
20.77000  -3.42648  -9.39452 
20.78000  -3.52026  -9.35979 
20.79000  -3.61368  -9.32412 
20.80000  -3.70674  -9.28752 
20.81000  -3.79943  -9.24998 
20.82000  -3.89174  -9.21153 
20.83000  -3.98366  -9.17215 
20.84000  -4.07518  -9.13186 
20.85000  -4.16630  -9.09065 
20.86000  -4.25699  -9.04853 
20.87000  -4.34727  -9.00551 
20.88000  -4.43710  -8.96159 
20.89000  -4.52650  -8.91677 
20.90000  -4.61544  -8.87106 
20.91000  -4.70392  -8.82447 
20.92000  -4.79193  -8.77699 
20.93000  -4.87946  -8.72863 
20.94000  -4.96650  -8.67940 
20.95000  -5.05305  -8.62930 
20.96000  -5.13909  -8.57834 
20.97000  -5.22461  -8.52652 
20.98000  -5.30962  -8.47385 
20.99000  -5.39409  -8.42033 
21.00000  -5.47802  -8.36597 
21.01000  -5.56141  -8.31078 
21.02000  -5.64424  -8.25475 
21.03000  -5.72651  -8.19789 
21.04000  -5.80820  -8.14022 
21.05000  -5.88931  -8.08173 
21.06000  -5.96983  -8.02244 
21.07000  -6.04976  -7.96234 
21.08000  -6.12908  -7.90144 
21.09000  -6.20779  -7.83976 
21.10000  -6.28587  -7.77729 
21.11000  -6.36333  -7.71405 
21.12000  -6.44016  -7.65003 
21.13000  -6.51633  -7.58525 
21.14000  -6.59186  -7.51970 
21.15000  -6.66673  -7.45341 
21.16000  -6.74093  -7.38637 
21.17000  -6.81446  -7.31860 
21.18000  -6.88730  -7.25009 
21.19000  -6.95946  -7.18085 
21.20000  -7.03092  -7.11090 
21.21000  -7.10168  -7.04024 
21.22000  -7.17172  -6.96887 
21.23000  -7.24105  -6.89681 
21.24000  -7.30966  -6.82405 
21.25000  -7.37753  -6.75062 
21.26000  -7.44467  -6.67651 
21.27000  -7.51106  -6.60173 
21.28000  -7.57671  -6.52629 
21.29000  -7.64159  -6.45020 
21.30000  -7.70571  -6.37346 
21.31000  -7.76906  -6.29609 
21.32000  -7.83163  -6.21809 
21.33000  -7.89342  -6.13946 
21.34000  -7.95442  -6.06022 
21.35000  -8.01463  -5.98038 
21.36000  -8.07403  -5.89993 
21.37000  -8.13262  -5.81890 
21.38000  -8.19041  -5.73728 
21.39000  -8.24737  -5.65509 
21.40000  -8.30351  -5.57234 
21.41000  -8.35882  -5.48903 
21.42000  -8.41329  -5.40517 
21.43000  -8.46692  -5.32077 
21.44000  -8.51970  -5.23583 
21.45000  -8.57164  -5.15038 
21.46000  -8.62271  -5.06441 
21.47000  -8.67292  -4.97793 
21.48000  -8.72227  -4.89095 
21.49000  -8.77074  -4.80349 
21.50000  -8.81834  -4.71554 
21.51000  -8.86505  -4.62712 
21.52000  -8.91088  -4.53824 
21.53000  -8.95582  -4.44891 
21.54000  -8.99986  -4.35913 
21.55000  -9.04300  -4.26892 
21.56000  -9.08524  -4.17828 
21.57000  -9.12657  -4.08722 
21.58000  -9.16698  -3.99575 
21.59000  -9.20648  -3.90388 
21.60000  -9.24506  -3.81163 
21.61000  -9.28271  -3.71899 
21.62000  -9.31944  -3.62598 
21.63000  -9.35523  -3.53260 
21.64000  -9.39009  -3.43888 
21.65000  -9.42401  -3.34481 
21.66000  -9.45699  -3.25040 
21.67000  -9.48902  -3.15567 
21.68000  -9.52010  -3.06062 
21.69000  -9.55023  -2.96527 
21.70000  -9.57941  -2.86962 
21.71000  -9.60762  -2.77369 
21.72000  -9.63488  -2.67748 
21.73000  -9.66117  -2.58100 
21.74000  -9.68650  -2.48426 
21.75000  -9.71086  -2.38727 
21.76000  -9.73425  -2.29005 
21.77000  -9.75666  -2.19259 
21.78000  -9.77810  -2.09492 
21.79000  -9.79856  -1.99703 
21.80000  -9.81804  -1.89895 
21.81000  -9.83654  -1.80068 
21.82000  -9.85405  -1.70223 
21.83000  -9.87058  -1.60360 
21.84000  -9.88612  -1.50482 
21.85000  -9.90068  -1.40588 
21.86000  -9.91424  -1.30681 
21.87000  -9.92681  -1.20760 
21.88000  -9.93839  -1.10828 
21.89000  -9.94898  -1.00884 
21.90000  -9.95857  -0.90930 
21.91000  -9.96717  -0.80968 
21.92000  -9.97476  -0.70997 
21.93000  -9.98137  -0.61019 
21.94000  -9.98697  -0.51034 
21.95000  -9.99157  -0.41045 
21.96000  -9.99518  -0.31052 
21.97000  -9.99778  -0.21055 
21.98000  -9.99939  -0.11057 
21.99000  -9.99999  -0.01057 
22.00000  -9.99960  0.08943 
22.01000  -9.99821  0.18942 
22.02000  -9.99581  0.28939 
22.03000  -9.99242  0.38933 
22.04000  -9.98803  0.48923 
22.05000  -9.98263  0.58908 
22.06000  -9.97624  0.68888 
22.07000  -9.96886  0.78860 
22.08000  -9.96047  0.88825 
22.09000  -9.95109  0.98781 
22.10000  -9.94072  1.08727 
22.11000  -9.92935  1.18662 
22.12000  -9.91698  1.28585 
22.13000  -9.90363  1.38495 
22.14000  -9.88928  1.48392 
22.15000  -9.87395  1.58273 
22.16000  -9.85763  1.68139 
22.17000  -9.84032  1.77988 
22.18000  -9.82203  1.87819 
22.19000  -9.80276  1.97632 
22.20000  -9.78251  2.07424 
22.21000  -9.76127  2.17196 
22.22000  -9.73907  2.26946 
22.23000  -9.71588  2.36674 
22.24000  -9.69173  2.46378 
22.25000  -9.66661  2.56057 
22.26000  -9.64052  2.65710 
22.27000  -9.61347  2.75337 
22.28000  -9.58545  2.84937 
22.29000  -9.55648  2.94508 
22.30000  -9.52655  3.04049 
22.31000  -9.49567  3.13560 
22.32000  -9.46384  3.23040 
22.33000  -9.43106  3.32488 
22.34000  -9.39734  3.41902 
22.35000  -9.36268  3.51282 
22.36000  -9.32708  3.60627 
22.37000  -9.29056  3.69936 
22.38000  -9.25310  3.79207 
22.39000  -9.21471  3.88441 
22.40000  -9.17541  3.97636 
22.41000  -9.13519  4.06792 
22.42000  -9.09405  4.15906 
22.43000  -9.05201  4.24979 
22.44000  -9.00906  4.34010 
22.45000  -8.96520  4.42997 
22.46000  -8.92046  4.51940 
22.47000  -8.87482  4.60837 
22.48000  -8.82829  4.69689 
22.49000  -8.78088  4.78494 
22.50000  -8.73259  4.87250 
22.51000  -8.68343  4.95958 
22.52000  -8.63340  5.04617 
22.53000  -8.58250  5.13225 
22.54000  -8.53075  5.21781 
22.55000  -8.47815  5.30286 
22.56000  -8.42470  5.38737 
22.57000  -8.37040  5.47135 
22.58000  -8.31527  5.55478 
22.59000  -8.25931  5.63765 
22.60000  -8.20252  5.71996 
22.61000  -8.14491  5.80169 
22.62000  -8.08648  5.88285 
22.63000  -8.02725  5.96342 
22.64000  -7.96721  6.04339 
22.65000  -7.90638  6.12276 
22.66000  -7.84476  6.20152 
22.67000  -7.78235  6.27965 
22.68000  -7.71917  6.35716 
22.69000  -7.65521  6.43403 
22.70000  -7.59048  6.51026 
22.71000  -7.52500  6.58584 
22.72000  -7.45877  6.66076 
22.73000  -7.39179  6.73501 
22.74000  -7.32407  6.80859 
22.75000  -7.25562  6.88149 
22.76000  -7.18644  6.95370 
22.77000  -7.11654  7.02521 
22.78000  -7.04593  7.09602 
22.79000  -6.97462  7.16613 
22.80000  -6.90261  7.23551 
22.81000  -6.82991  7.30418 
22.82000  -6.75653  7.37211 
22.83000  -6.68247  7.43930 
22.84000  -6.60774  7.50575 
22.85000  -6.53235  7.57145 
22.86000  -6.45631  7.63640 
22.87000  -6.37963  7.70058 
22.88000  -6.30230  7.76399 
22.89000  -6.22435  7.82662 
22.90000  -6.14577  7.88847 
22.91000  -6.06658  7.94953 
22.92000  -5.98678  8.00980 
22.93000  -5.90638  8.06927 
22.94000  -5.82539  8.12792 
22.95000  -5.74382  8.18577 
22.96000  -5.66168  8.24280 
22.97000  -5.57897  8.29900 
22.98000  -5.49570  8.35437 
22.99000  -5.41188  8.40891 
23.00000  -5.32752  8.46261 
23.01000  -5.24263  8.51546 
23.02000  -5.15721  8.56746 
23.03000  -5.07128  8.61860 
23.04000  -4.98484  8.66888 
23.05000  -4.89790  8.71830 
23.06000  -4.81047  8.76684 
23.07000  -4.72256  8.81450 
23.08000  -4.63418  8.86129 
23.09000  -4.54534  8.90718 
23.10000  -4.45604  8.95219 
23.11000  -4.36629  8.99630 
23.12000  -4.27611  9.03951 
23.13000  -4.18550  9.08182 
23.14000  -4.09448  9.12322 
23.15000  -4.00304  9.16371 
23.16000  -3.91120  9.20328 
23.17000  -3.81897  9.24193 
23.18000  -3.72636  9.27966 
23.19000  -3.63338  9.31646 
23.20000  -3.54003  9.35232 
23.21000  -3.44633  9.38726 
23.22000  -3.35229  9.42125 
23.23000  -3.25791  9.45430 
23.24000  -3.16320  9.48641 
23.25000  -3.06818  9.51756 
23.26000  -2.97285  9.54777 
23.27000  -2.87723  9.57702 
23.28000  -2.78131  9.60531 
23.29000  -2.68512  9.63264 
23.30000  -2.58866  9.65901 
23.31000  -2.49194  9.68442 
23.32000  -2.39497  9.70885 
23.33000  -2.29776  9.73231 
23.34000  -2.20032  9.75480 
23.35000  -2.10267  9.77632 
23.36000  -2.00480  9.79686 
23.37000  -1.90673  9.81641 
23.38000  -1.80847  9.83499 
23.39000  -1.71003  9.85258 
23.40000  -1.61142  9.86919 
23.41000  -1.51264  9.88481 
23.42000  -1.41372  9.89944 
23.43000  -1.31466  9.91308 
23.44000  -1.21546  9.92573 
23.45000  -1.11614  9.93739 
23.46000  -1.01671  9.94806 
23.47000  -0.91718  9.95773 
23.48000  -0.81756  9.96640 
23.49000  -0.71785  9.97408 
23.50000  -0.61808  9.98076 
23.51000  -0.51824  9.98644 
23.52000  -0.41835  9.99112 
23.53000  -0.31841  9.99480 
23.54000  -0.21845  9.99749 
23.55000  -0.11846  9.99917 
23.56000  -0.01847  9.99986 
23.57000  0.08153  9.99954 
23.58000  0.18152  9.99823 
23.59000  0.28150  9.99591 
23.60000  0.38144  9.99260 
23.61000  0.48135  9.98828 
23.62000  0.58121  9.98297 
23.63000  0.68101  9.97666 
23.64000  0.78074  9.96935 
23.65000  0.88040  9.96105 
23.66000  0.97996  9.95174 
23.67000  1.07943  9.94145 
23.68000  1.17879  9.93016 
23.69000  1.27803  9.91787 
23.70000  1.37715  9.90460 
23.71000  1.47612  9.89033 
23.72000  1.57495  9.87507 
23.73000  1.67363  9.85883 
23.74000  1.77213  9.84160 
23.75000  1.87046  9.82339 
23.76000  1.96860  9.80419 
23.77000  2.06654  9.78402 
23.78000  2.16428  9.76286 
23.79000  2.26180  9.74073 
23.80000  2.35909  9.71763 
23.81000  2.45615  9.69355 
23.82000  2.55296  9.66851 
23.83000  2.64952  9.64249 
23.84000  2.74581  9.61552 
23.85000  2.84183  9.58758 
23.86000  2.93757  9.55868 
23.87000  3.03301  9.52883 
23.88000  3.12814  9.49802 
23.89000  3.22297  9.46627 
23.90000  3.31747  9.43357 
23.91000  3.41164  9.39992 
23.92000  3.50547  9.36534 
23.93000  3.59894  9.32981 
23.94000  3.69206  9.29336 
23.95000  3.78481  9.25597 
23.96000  3.87718  9.21766 
23.97000  3.96917  9.17843 
23.98000  4.06075  9.13828 
23.99000  4.15193  9.09722 
24.00000  4.24270  9.05525 
24.01000  4.33304  9.01237 
24.02000  4.42294  8.96859 
24.03000  4.51241  8.92391 
24.04000  4.60142  8.87834 
24.05000  4.68997  8.83188 
24.06000  4.77806  8.78454 
24.07000  4.86567  8.73633 
24.08000  4.95279  8.68723 
24.09000  5.03941  8.63727 
24.10000  5.12553  8.58645 
24.11000  5.21114  8.53476 
24.12000  5.29623  8.48223 
24.13000  5.38078  8.42884 
24.14000  5.46480  8.37461 
24.15000  5.54828  8.31955 
24.16000  5.63119  8.26365 
24.17000  5.71355  8.20693 
24.18000  5.79533  8.14938 
24.19000  5.87654  8.09102 
24.20000  5.95715  8.03186 
24.21000  6.03717  7.97188 
24.22000  6.11659  7.91112 
24.23000  6.19540  7.84956 
24.24000  6.27358  7.78721 
24.25000  6.35114  7.72409 
24.26000  6.42806  7.66019 
24.27000  6.50434  7.59553 
24.28000  6.57997  7.53011 
24.29000  6.65495  7.46393 
24.30000  6.72925  7.39701 
24.31000  6.80289  7.32935 
24.32000  6.87584  7.26096 
24.33000  6.94811  7.19184 
24.34000  7.01968  7.12200 
24.35000  7.09055  7.05145 
24.36000  7.16071  6.98019 
24.37000  7.23015  6.90824 
24.38000  7.29887  6.83559 
24.39000  7.36686  6.76226 
24.40000  7.43412  6.68826 
24.41000  7.50063  6.61359 
24.42000  7.56639  6.53825 
24.43000  7.63139  6.46226 
24.44000  7.69563  6.38563 
24.45000  7.75910  6.30835 
24.46000  7.82180  6.23045 
24.47000  7.88371  6.15192 
24.48000  7.94484  6.07278 
24.49000  8.00517  5.99303 
24.50000  8.06470  5.91268 
24.51000  8.12342  5.83174 
24.52000  8.18133  5.75021 
24.53000  8.23843  5.66811 
24.54000  8.29470  5.58545 
24.55000  8.35014  5.50223 
24.56000  8.40474  5.41845 
24.57000  8.45850  5.33413 
24.58000  8.51142  5.24928 
24.59000  8.56349  5.16391 
24.60000  8.61470  5.07802 
24.61000  8.66505  4.99162 
24.62000  8.71453  4.90472 
24.63000  8.76314  4.81733 
24.64000  8.81088  4.72946 
24.65000  8.85773  4.64112 
24.66000  8.90370  4.55231 
24.67000  8.94878  4.46305 
24.68000  8.99296  4.37334 
24.69000  9.03625  4.28320 
24.70000  9.07863  4.19262 
24.71000  9.12010  4.10163 
24.72000  9.16066  4.01022 
24.73000  9.20030  3.91842 
24.74000  9.23903  3.82622 
24.75000  9.27683  3.73364 
24.76000  9.31370  3.64069 
24.77000  9.34964  3.54737 
24.78000  9.38465  3.45370 
24.79000  9.41872  3.35969 
24.80000  9.45184  3.26533 
24.81000  9.48402  3.17065 
24.82000  9.51526  3.07566 
24.83000  9.54554  2.98035 
24.84000  9.57486  2.88475 
24.85000  9.60323  2.78886 
24.86000  9.63064  2.69269 
24.87000  9.65709  2.59625 
24.88000  9.68257  2.49956 
24.89000  9.70708  2.40261 
24.90000  9.73062  2.30542 
24.91000  9.75318  2.20800 
24.92000  9.77478  2.11036 
24.93000  9.79539  2.01251 
24.94000  9.81503  1.91446 
24.95000  9.83368  1.81621 
24.96000  9.85135  1.71779 
24.97000  9.86804  1.61919 
24.98000  9.88374  1.52043 
24.99000  9.89845  1.42152 
25.00000  9.91217  1.32247 
25.01000  9.92490  1.22328 
25.02000  9.93663  1.12398 
25.03000  9.94737  1.02456 
25.04000  9.95712  0.92503 
25.05000  9.96588  0.82542 
25.06000  9.97363  0.72572 
25.07000  9.98039  0.62595 
25.08000  9.98615  0.52612 
25.09000  9.99091  0.42623 
25.10000  9.99467  0.32630 
25.11000  9.99744  0.22634 
25.12000  9.99920  0.12636 
25.13000  9.99997  0.02636 
25.14000  9.99973  -0.07363 
25.15000  9.99849  -0.17362 
25.16000  9.99626  -0.27360 
25.17000  9.99302  -0.37354 
25.18000  9.98879  -0.47345 
25.19000  9.98355  -0.57332 
25.20000  9.97732  -0.67312 
25.21000  9.97009  -0.77286 
25.22000  9.96186  -0.87252 
25.23000  9.95264  -0.97209 
25.24000  9.94242  -1.07156 
25.25000  9.93121  -1.17093 
25.26000  9.91900  -1.27018 
25.27000  9.90580  -1.36931 
25.28000  9.89162  -1.46829 
25.29000  9.87644  -1.56714 
25.30000  9.86027  -1.66582 
25.31000  9.84312  -1.76434 
25.32000  9.82499  -1.86268 
25.33000  9.80587  -1.96083 
25.34000  9.78577  -2.05879 
25.35000  9.76469  -2.15654 
25.36000  9.74264  -2.25408 
25.37000  9.71961  -2.35139 
25.38000  9.69561  -2.44846 
25.39000  9.67064  -2.54530 
25.40000  9.64470  -2.64187 
25.41000  9.61780  -2.73819 
25.42000  9.58994  -2.83422 
25.43000  9.56112  -2.92998 
25.44000  9.53134  -3.02544 
25.45000  9.50061  -3.12060 
25.46000  9.46893  -3.21545 
25.47000  9.43630  -3.30998 
25.48000  9.40273  -3.40417 
25.49000  9.36822  -3.49803 
25.50000  9.33277  -3.59153 
25.51000  9.29639  -3.68468 
25.52000  9.25908  -3.77745 
25.53000  9.22084  -3.86985 
25.54000  9.18168  -3.96187 
25.55000  9.14160  -4.05348 
25.56000  9.10061  -4.14469 
25.57000  9.05871  -4.23549 
25.58000  9.01590  -4.32586 
25.59000  8.97219  -4.41580 
25.60000  8.92758  -4.50530 
25.61000  8.88208  -4.59435 
25.62000  8.83570  -4.68294 
25.63000  8.78843  -4.77106 
25.64000  8.74028  -4.85870 
25.65000  8.69125  -4.94586 
25.66000  8.64136  -5.03252 
25.67000  8.59060  -5.11868 
25.68000  8.53898  -5.20433 
25.69000  8.48651  -5.28946 
25.70000  8.43320  -5.37406 
25.71000  8.37903  -5.45812 
25.72000  8.32403  -5.54163 
25.73000  8.26820  -5.62460 
25.74000  8.21154  -5.70699 
25.75000  8.15406  -5.78882 
25.76000  8.09576  -5.87007 
25.77000  8.03666  -5.95073 
25.78000  7.97675  -6.03080 
25.79000  7.91604  -6.11026 
25.80000  7.85454  -6.18912 
25.81000  7.79226  -6.26735 
25.82000  7.72920  -6.34496 
25.83000  7.66536  -6.42193 
25.84000  7.60076  -6.49826 
25.85000  7.53540  -6.57394 
25.86000  7.46928  -6.64897 
25.87000  7.40242  -6.72332 
25.88000  7.33481  -6.79701 
25.89000  7.26648  -6.87002 
25.90000  7.19741  -6.94234 
25.91000  7.12763  -7.01396 
25.92000  7.05713  -7.08489 
25.93000  6.98593  -7.15510 
25.94000  6.91403  -7.22460 
25.95000  6.84144  -7.29338 
25.96000  6.76816  -7.36143 
25.97000  6.69421  -7.42874 
25.98000  6.61959  -7.49531 
25.99000  6.54431  -7.56113 
26.00000  6.46837  -7.62619 
26.01000  6.39178  -7.69049 
26.02000  6.31456  -7.75402 
26.03000  6.23670  -7.81678 
26.04000  6.15822  -7.87875 
26.05000  6.07913  -7.93994 
26.06000  5.99942  -8.00033 
26.07000  5.91912  -8.05993 
26.08000  5.83822  -8.11871 
26.09000  5.75675  -8.17669 
26.10000  5.67469  -8.23384 
26.11000  5.59207  -8.29018 
26.12000  5.50889  -8.34568 
26.13000  5.42515  -8.40035 
26.14000  5.34088  -8.45418 
26.15000  5.25607  -8.50717 
26.16000  5.17074  -8.55930 
26.17000  5.08489  -8.61058 
26.18000  4.99853  -8.66100 
26.19000  4.91167  -8.71055 
26.20000  4.82431  -8.75923 
26.21000  4.73648  -8.80703 
26.22000  4.64817  -8.85396 
26.23000  4.55940  -8.89999 
26.24000  4.47017  -8.94514 
26.25000  4.38050  -8.98939 
26.26000  4.29039  -9.03275 
26.27000  4.19984  -9.07520 
26.28000  4.10888  -9.11674 
26.29000  4.01751  -9.15738 
26.30000  3.92573  -9.19709 
26.31000  3.83357  -9.23589 
26.32000  3.74102  -9.27376 
26.33000  3.64809  -9.31071 
26.34000  3.55480  -9.34672 
26.35000  3.46116  -9.38180 
26.36000  3.36717  -9.41594 
26.37000  3.27284  -9.44914 
26.38000  3.17818  -9.48140 
26.39000  3.08321  -9.51270 
26.40000  2.98793  -9.54306 
26.41000  2.89235  -9.57246 
26.42000  2.79648  -9.60091 
26.43000  2.70033  -9.62839 
26.44000  2.60391  -9.65491 
26.45000  2.50723  -9.68047 
26.46000  2.41030  -9.70505 
26.47000  2.31313  -9.72867 
26.48000  2.21573  -9.75132 
26.49000  2.11811  -9.77299 
26.50000  2.02027  -9.79368 
26.51000  1.92223  -9.81339 
26.52000  1.82400  -9.83212 
26.53000  1.72559  -9.84987 
26.54000  1.62700  -9.86663 
26.55000  1.52826  -9.88241 
26.56000  1.42936  -9.89720 
26.57000  1.33031  -9.91099 
26.58000  1.23114  -9.92380 
26.59000  1.13184  -9.93562 
26.60000  1.03242  -9.94644 
26.61000  0.93291  -9.95626 
26.62000  0.83330  -9.96510 
26.63000  0.73361  -9.97293 
26.64000  0.63384  -9.97977 
26.65000  0.53401  -9.98561 
26.66000  0.43413  -9.99045 
26.67000  0.33420  -9.99429 
26.68000  0.23424  -9.99713 
26.69000  0.13426  -9.99897 
26.70000  0.03426  -9.99982 
26.71000  -0.06574  -9.99966 
26.72000  -0.16573  -9.99850 
26.73000  -0.26571  -9.99634 
26.74000  -0.36566  -9.99319 
26.75000  -0.46557  -9.98903 
26.76000  -0.56544  -9.98388 
26.77000  -0.66525  -9.97772 
26.78000  -0.76499  -9.97057 
26.79000  -0.86466  -9.96242 
26.80000  -0.96424  -9.95328 
26.81000  -1.06373  -9.94314 
26.82000  -1.16310  -9.93201 
26.83000  -1.26237  -9.91988 
26.84000  -1.36150  -9.90676 
26.85000  -1.46050  -9.89265 
26.86000  -1.55935  -9.87755 
26.87000  -1.65805  -9.86146 
26.88000  -1.75658  -9.84439 
26.89000  -1.85494  -9.82633 
26.90000  -1.95311  -9.80729 
26.91000  -2.05109  -9.78727 
26.92000  -2.14886  -9.76627 
26.93000  -2.24641  -9.74429 
26.94000  -2.34374  -9.72134 
26.95000  -2.44084  -9.69742 
26.96000  -2.53769  -9.67253 
26.97000  -2.63429  -9.64667 
26.98000  -2.73062  -9.61984 
26.99000  -2.82668  -9.59206 
27.00000  -2.92246  -9.56331 
27.01000  -3.01795  -9.53361 
27.02000  -3.11314  -9.50295 
27.03000  -3.20801  -9.47135 
27.04000  -3.30256  -9.43879 
27.05000  -3.39679  -9.40530 
27.06000  -3.49067  -9.37086 
27.07000  -3.58420  -9.33549 
27.08000  -3.67738  -9.29918 
27.09000  -3.77019  -9.26194 
27.10000  -3.86262  -9.22378 
27.11000  -3.95466  -9.18469 
27.12000  -4.04631  -9.14469 
27.13000  -4.13756  -9.10377 
27.14000  -4.22839  -9.06194 
27.15000  -4.31879  -9.01920 
27.16000  -4.40877  -8.97556 
27.17000  -4.49831  -8.93103 
27.18000  -4.58739  -8.88560 
27.19000  -4.67602  -8.83928 
27.20000  -4.76418  -8.79208 
27.21000  -4.85186  -8.74400 
27.22000  -4.93906  -8.69505 
27.23000  -5.02576  -8.64522 
27.24000  -5.11196  -8.59453 
27.25000  -5.19765  -8.54299 
27.26000  -5.28282  -8.49058 
27.27000  -5.36746  -8.43733 
27.28000  -5.45157  -8.38324 
27.29000  -5.53513  -8.32830 
27.30000  -5.61813  -8.27254 
27.31000  -5.70058  -8.21594 
27.32000  -5.78245  -8.15853 
27.33000  -5.86375  -8.10030 
27.34000  -5.94446  -8.04126 
27.35000  -6.02457  -7.98141 
27.36000  -6.10409  -7.92077 
27.37000  -6.18299  -7.85933 
27.38000  -6.26127  -7.79711 
27.39000  -6.33893  -7.73411 
27.40000  -6.41596  -7.67034 
27.41000  -6.49234  -7.60579 
27.42000  -6.56807  -7.54049 
27.43000  -6.64315  -7.47444 
27.44000  -6.71756  -7.40763 
27.45000  -6.79130  -7.34009 
27.46000  -6.86436  -7.27181 
27.47000  -6.93674  -7.20280 
27.48000  -7.00842  -7.13308 
27.49000  -7.07940  -7.06264 
27.50000  -7.14967  -6.99149 
27.51000  -7.21923  -6.91965 
27.52000  -7.28806  -6.84711 
27.53000  -7.35617  -6.77389 
27.54000  -7.42354  -6.69999 
27.55000  -7.49017  -6.62542 
27.56000  -7.55605  -6.55019 
27.57000  -7.62117  -6.47431 
27.58000  -7.68554  -6.39777 
27.59000  -7.74913  -6.32060 
27.60000  -7.81195  -6.24279 
27.61000  -7.87399  -6.16437 
27.62000  -7.93524  -6.08532 
27.63000  -7.99569  -6.00566 
27.64000  -8.05535  -5.92541 
27.65000  -8.11420  -5.84456 
27.66000  -8.17224  -5.76313 
27.67000  -8.22946  -5.68112 
27.68000  -8.28586  -5.59854 
27.69000  -8.34143  -5.51541 
27.70000  -8.39617  -5.43172 
27.71000  -8.45007  -5.34749 
27.72000  -8.50312  -5.26272 
27.73000  -8.55532  -5.17743 
27.74000  -8.60667  -5.09162 
27.75000  -8.65715  -5.00530 
27.76000  -8.70678  -4.91848 
27.77000  -8.75552  -4.83117 
27.78000  -8.80340  -4.74338 
27.79000  -8.85039  -4.65511 
27.80000  -8.89650  -4.56637 
27.81000  -8.94172  -4.47718 
27.82000  -8.98604  -4.38754 
27.83000  -9.02947  -4.29746 
27.84000  -9.07199  -4.20696 
27.85000  -9.11361  -4.11603 
27.86000  -9.15431  -4.02469 
27.87000  -9.19410  -3.93295 
27.88000  -9.23297  -3.84081 
27.89000  -9.27092  -3.74829 
27.90000  -9.30794  -3.65540 
27.91000  -9.34403  -3.56214 
27.92000  -9.37918  -3.46852 
27.93000  -9.41340  -3.37456 
27.94000  -9.44667  -3.28026 
27.95000  -9.47900  -3.18563 
27.96000  -9.51039  -3.09068 
27.97000  -9.54082  -2.99543 
27.98000  -9.57029  -2.89987 
27.99000  -9.59881  -2.80403 
28.00000  -9.62637  -2.70790 
28.01000  -9.65297  -2.61150 
28.02000  -9.67860  -2.51485 
28.03000  -9.70327  -2.41794 
28.04000  -9.72696  -2.32079 
28.05000  -9.74968  -2.22340 
28.06000  -9.77143  -2.12580 
28.07000  -9.79220  -2.02798 
28.08000  -9.81199  -1.92996 
28.09000  -9.83080  -1.83174 
28.10000  -9.84863  -1.73335 
28.11000  -9.86547  -1.63478 
28.12000  -9.88132  -1.53604 
28.13000  -9.89619  -1.43715 
28.14000  -9.91006  -1.33812 
28.15000  -9.92295  -1.23896 
28.16000  -9.93484  -1.13967 
28.17000  -9.94574  -1.04027 
28.18000  -9.95565  -0.94076 
28.19000  -9.96456  -0.84116 
28.20000  -9.97247  -0.74147 
28.21000  -9.97939  -0.64171 
28.22000  -9.98531  -0.54189 
28.23000  -9.99023  -0.44201 
28.24000  -9.99415  -0.34209 
28.25000  -9.99707  -0.24214 
28.26000  -9.99899  -0.14215 
28.27000  -9.99991  -0.04216 
28.28000  -9.99983  0.05784 
28.29000  -9.99875  0.15783 
28.30000  -9.99668  0.25781 
28.31000  -9.99360  0.35776 
28.32000  -9.98952  0.45768 
28.33000  -9.98444  0.55755 
28.34000  -9.97837  0.65736 
28.35000  -9.97130  0.75711 
28.36000  -9.96323  0.85678 
28.37000  -9.95416  0.95637 
28.38000  -9.94410  1.05586 
28.39000  -9.93304  1.15524 
28.40000  -9.92100  1.25451 
28.41000  -9.90795  1.35366 
28.42000  -9.89392  1.45267 
28.43000  -9.87890  1.55153 
28.44000  -9.86289  1.65024 
28.45000  -9.84590  1.74879 
28.46000  -9.82792  1.84715 
28.47000  -9.80895  1.94534 
28.48000  -9.78901  2.04333 
28.49000  -9.76809  2.14111 
28.50000  -9.74619  2.23869 
28.51000  -9.72331  2.33603 
28.52000  -9.69947  2.43315 
28.53000  -9.67465  2.53002 
28.54000  -9.64887  2.62664 
28.55000  -9.62212  2.72299 
28.56000  -9.59441  2.81907 
28.57000  -9.56574  2.91487 
28.58000  -9.53611  3.01038 
28.59000  -9.50553  3.10559 
28.60000  -9.47400  3.20049 
28.61000  -9.44152  3.29507 
28.62000  -9.40810  3.38931 
28.63000  -9.37373  3.48322 
28.64000  -9.33843  3.57678 
28.65000  -9.30220  3.66999 
28.66000  -9.26503  3.76282 
28.67000  -9.22694  3.85528 
28.68000  -9.18793  3.94736 
28.69000  -9.14799  4.03904 
28.70000  -9.10714  4.13031 
28.71000  -9.06539  4.22118 
28.72000  -9.02272  4.31162 
28.73000  -8.97915  4.40163 
28.74000  -8.93469  4.49119 
28.75000  -8.88933  4.58031 
28.76000  -8.84308  4.66898 
28.77000  -8.79595  4.75717 
28.78000  -8.74794  4.84489 
28.79000  -8.69905  4.93213 
28.80000  -8.64930  5.01887 
28.81000  -8.59868  5.10511 
28.82000  -8.54719  5.19084 
28.83000  -8.49486  5.27605 
28.84000  -8.44167  5.36073 
28.85000  -8.38764  5.44488 
28.86000  -8.33278  5.52848 
28.87000  -8.27707  5.61153 
28.88000  -8.22055  5.69402 
28.89000  -8.16319  5.77594 
28.90000  -8.10503  5.85728 
28.91000  -8.04605  5.93803 
28.92000  -7.98627  6.01819 
28.93000  -7.92568  6.09775 
28.94000  -7.86431  6.17670 
28.95000  -7.80215  6.25504 
28.96000  -7.73921  6.33274 
28.97000  -7.67550  6.40982 
28.98000  -7.61101  6.48625 
28.99000  -7.54577  6.56203 
29.00000  -7.47977  6.63716 
29.01000  -7.41303  6.71162 
29.02000  -7.34554  6.78542 
29.03000  -7.27732  6.85853 
29.04000  -7.20837  6.93096 
29.05000  -7.13870  7.00269 
29.06000  -7.06832  7.07373 
29.07000  -6.99723  7.14406 
29.08000  -6.92544  7.21367 
29.09000  -6.85295  7.28256 
29.10000  -6.77978  7.35073 
29.11000  -6.70594  7.41816 
29.12000  -6.63142  7.48484 
29.13000  -6.55624  7.55078 
29.14000  -6.48041  7.61596 
29.15000  -6.40392  7.68038 
29.16000  -6.32680  7.74404 
29.17000  -6.24904  7.80692 
29.18000  -6.17066  7.86902 
29.19000  -6.09166  7.93033 
29.20000  -6.01205  7.99085 
29.21000  -5.93184  8.05057 
29.22000  -5.85104  8.10948 
29.23000  -5.76965  8.16758 
29.24000  -5.68769  8.22487 
29.25000  -5.60516  8.28133 
29.26000  -5.52206  8.33697 
29.27000  -5.43842  8.39177 
29.28000  -5.35423  8.44574 
29.29000  -5.26950  8.49886 
29.30000  -5.18425  8.55112 
29.31000  -5.09848  8.60254 
29.32000  -5.01220  8.65309 
29.33000  -4.92542  8.70278 
29.34000  -4.83814  8.75160 
29.35000  -4.75039  8.79954 
29.36000  -4.66215  8.84660 
29.37000  -4.57345  8.89278 
29.38000  -4.48430  8.93807 
29.39000  -4.39469  8.98246 
29.40000  -4.30465  9.02596 
29.41000  -4.21417  9.06855 
29.42000  -4.12328  9.11024 
29.43000  -4.03197  9.15102 
29.44000  -3.94026  9.19088 
29.45000  -3.84815  9.22982 
29.46000  -3.75566  9.26784 
29.47000  -3.66279  9.30493 
29.48000  -3.56956  9.34109 
29.49000  -3.47597  9.37632 
29.50000  -3.38204  9.41061 
29.51000  -3.28776  9.44396 
29.52000  -3.19316  9.47637 
29.53000  -3.09823  9.50782 
29.54000  -3.00300  9.53833 
29.55000  -2.90747  9.56788 
29.56000  -2.81164  9.59648 
29.57000  -2.71554  9.62411 
29.58000  -2.61916  9.65079 
29.59000  -2.52252  9.67649 
29.60000  -2.42563  9.70124 
29.61000  -2.32850  9.72501 
29.62000  -2.23113  9.74780 
29.63000  -2.13354  9.76963 
29.64000  -2.03574  9.79047 
29.65000  -1.93773  9.81034 
29.66000  -1.83953  9.82923 
29.67000  -1.74115  9.84713 
29.68000  -1.64259  9.86405 
29.69000  -1.54387  9.87998 
29.70000  -1.44499  9.89493 
29.71000  -1.34597  9.90888 
29.72000  -1.24681  9.92184 
29.73000  -1.14753  9.93382 
29.74000  -1.04813  9.94479 
29.75000  -0.94863  9.95478 
29.76000  -0.84904  9.96377 
29.77000  -0.74936  9.97176 
29.78000  -0.64960  9.97875 
29.79000  -0.54978  9.98475 
29.80000  -0.44991  9.98975 
29.81000  -0.34999  9.99375 
29.82000  -0.25003  9.99675 
29.83000  -0.15005  9.99875 
29.84000  -0.05006  9.99975 
29.85000  0.04994  9.99975 
29.86000  0.14994  9.99875 
29.87000  0.24992  9.99675 
29.88000  0.34987  9.99375 
29.89000  0.44979  9.98975 
29.90000  0.54967  9.98476 
29.91000  0.64949  9.97876 
29.92000  0.74924  9.97177 
29.93000  0.84892  9.96378 
29.94000  0.94852  9.95479 
29.95000  1.04802  9.94481 
29.96000  1.14741  9.93383 
29.97000  1.24669  9.92186 
29.98000  1.34585  9.90890 
29.99000  1.44487  9.89494 
30.00000  1.54375  9.88000 
